35
20
m 0 19
0 34 0
1 34 0
2 34 0
w 0 5
w 0 6
w 0 7
w 0 8
w 1 1
w 1 2
w 1 3
w 1 10
w 1 11
w 1 12
w 1 13
w 1 15
w 1 17
w 1 18
w 2 1
w 2 5
w 2 6
w 2 7
w 2 8
w 2 13
w 2 15
w 2 17
w 2 18
w 3 1
w 3 3
w 3 4
w 3 5
w 3 6
w 3 7
w 3 8
w 3 9
w 3 10
w 3 11
w 3 13
w 3 17
w 3 18
w 4 3
w 4 4
w 4 5
w 4 6
w 4 7
w 4 8
w 4 9
w 4 10
w 4 11
w 4 15
w 5 1
w 5 2
w 5 3
w 5 4
w 5 5
w 5 6
w 5 7
w 5 8
w 5 9
w 5 10
w 5 11
w 5 12
w 5 14
w 5 15
w 5 16
w 5 18
w 6 3
w 6 4
w 6 5
w 6 6
w 6 7
w 6 8
w 6 9
w 6 10
w 6 11
w 6 12
w 6 14
w 6 15
w 6 16
w 6 18
w 7 1
w 7 3
w 7 4
w 7 5
w 7 6
w 7 7
w 7 8
w 7 9
w 7 14
w 7 15
w 7 16
w 8 3
w 8 4
w 8 5
w 8 6
w 8 7
w 8 8
w 8 9
w 8 11
w 8 12
w 8 13
w 8 14
w 8 15
w 8 16
w 8 18
w 9 0
w 9 2
w 9 3
w 9 4
w 9 5
w 9 6
w 9 7
w 9 8
w 9 9
w 9 11
w 9 12
w 9 13
w 9 14
w 9 15
w 9 16
w 10 0
w 10 2
w 10 3
w 10 4
w 10 5
w 10 6
w 10 7
w 10 8
w 10 9
w 10 11
w 10 12
w 10 13
w 10 14
w 10 15
w 10 16
w 10 17
w 10 18
w 11 0
w 11 2
w 11 3
w 11 4
w 11 5
w 11 6
w 11 7
w 11 8
w 11 9
w 11 11
w 11 12
w 11 13
w 11 14
w 11 15
w 11 16
w 11 17
w 11 18
w 12 2
w 12 3
w 12 4
w 12 5
w 12 11
w 12 12
w 12 13
w 12 14
w 12 15
w 12 16
w 12 17
w 12 18
w 13 1
w 13 2
w 13 3
w 13 4
w 13 5
w 13 7
w 13 8
w 13 9
w 14 1
w 14 2
w 14 3
w 14 4
w 14 5
w 14 7
w 14 8
w 14 9
w 14 11
w 14 13
w 14 14
w 14 15
w 14 16
w 14 17
w 14 18
w 15 7
w 15 8
w 15 9
w 15 11
w 16 1
w 16 2
w 16 3
w 16 4
w 16 13
w 16 14
w 16 15
w 16 17
w 16 18
w 16 19
w 17 1
w 17 2
w 17 3
w 17 4
w 17 6
w 17 7
w 17 8
w 17 9
w 17 10
w 17 11
w 17 13
w 17 14
w 17 15
w 17 17
w 17 18
w 17 19
w 18 1
w 18 2
w 18 3
w 18 4
w 18 13
w 18 14
w 18 15
w 18 17
w 18 18
w 18 19
w 19 7
w 19 8
w 19 9
w 19 11
w 20 1
w 20 2
w 20 3
w 20 4
w 20 5
w 20 7
w 20 8
w 20 9
w 20 11
w 20 13
w 20 14
w 20 15
w 20 16
w 20 17
w 20 18
w 21 1
w 21 2
w 21 3
w 21 4
w 21 5
w 21 7
w 21 8
w 21 9
w 22 2
w 22 3
w 22 4
w 22 5
w 22 11
w 22 12
w 22 13
w 22 14
w 22 15
w 22 16
w 22 17
w 22 18
w 23 0
w 23 2
w 23 3
w 23 4
w 23 5
w 23 6
w 23 7
w 23 8
w 23 9
w 23 11
w 23 12
w 23 13
w 23 14
w 23 15
w 23 16
w 23 17
w 23 18
w 24 0
w 24 2
w 24 3
w 24 4
w 24 5
w 24 6
w 24 7
w 24 8
w 24 9
w 24 11
w 24 12
w 24 13
w 24 14
w 24 15
w 24 16
w 24 17
w 24 18
w 25 0
w 25 2
w 25 3
w 25 4
w 25 5
w 25 6
w 25 7
w 25 8
w 25 9
w 25 11
w 25 12
w 25 13
w 25 14
w 25 15
w 25 16
w 26 3
w 26 4
w 26 5
w 26 6
w 26 7
w 26 8
w 26 9
w 26 11
w 26 12
w 26 13
w 26 14
w 26 15
w 26 16
w 26 18
w 27 1
w 27 3
w 27 4
w 27 5
w 27 6
w 27 7
w 27 8
w 27 9
w 27 14
w 27 15
w 27 16
w 28 3
w 28 4
w 28 5
w 28 6
w 28 7
w 28 8
w 28 9
w 28 10
w 28 11
w 28 12
w 28 14
w 28 15
w 28 16
w 28 18
w 29 1
w 29 2
w 29 3
w 29 4
w 29 5
w 29 6
w 29 7
w 29 8
w 29 9
w 29 10
w 29 11
w 29 12
w 29 14
w 29 15
w 29 16
w 29 18
w 30 3
w 30 4
w 30 5
w 30 6
w 30 7
w 30 8
w 30 9
w 30 10
w 30 11
w 30 15
w 31 1
w 31 3
w 31 4
w 31 5
w 31 6
w 31 7
w 31 8
w 31 9
w 31 10
w 31 11
w 31 13
w 31 17
w 31 18
w 32 1
w 32 5
w 32 6
w 32 7
w 32 8
w 32 13
w 32 15
w 32 17
w 32 18
w 33 1
w 33 2
w 33 3
w 33 10
w 33 11
w 33 12
w 33 13
w 33 15
w 33 17
w 33 18
w 34 5
w 34 6
w 34 7
w 34 8
p 0 0
p 21 13
p 17 0
p 34 16
p 1 8
p 19 6
p 24 19
p 30 19
p 6 13
p 15 6
p 27 19
p 9 17
p 3 15
p 13 11
p 33 4
t 1400 0
m 0 18
0 33 0
1 33 0
2 33 0
t 1399 0
m 0 17
0 32 0
1 32 0
2 32 0
t 1398 0
m 0 16
0 31 0
1 31 0
2 31 0
t 1397 0
m 1 16
0 30 0
1 30 0
2 30 0
t 1396 0
m 2 16
0 30 1
1 29 0
2 29 0
f 21 10
t 1395 0
m 3 16
0 30 2
1 28 0
2 28 0
t 1394 0
m 3 15
0 31 2
1 27 0
2 27 0
t 1393 6
m 3 14
0 30 2
1 26 0
2 26 0
t 1392 6
m 4 14
0 30 1
1 26 1
2 26 1
t 1391 6
m 4 13
0 30 2
1 25 1
2 25 1
t 1390 6
m 5 13
0 31 2
1 24 1
2 24 1
t 1389 6
m 6 13
0 30 2
1 23 1
2 23 1
t 1388 13
m 7 13
0 30 1
1 22 1
2 22 1
t 1387 13
m 7 12
0 30 2
1 22 0
2 22 0
t 1386 13
m 7 11
0 30 1
1 21 0
2 21 0
t 1385 13
m 7 12
0 30 2
1 20 0
2 20 0
t 1384 13
m 7 12
0 30 1
1 19 0
2 19 0
t 1383 13
m 7 11
0 30 0
1 19 1
2 19 1
t 1382 13
m 7 10
0 29 0
1 19 0
2 19 0
t 1381 13
m 7 10
0 28 0
1 19 1
2 19 1
t 1380 13
m 7 11
0 27 0
1 19 0
2 19 0
t 1379 13
m 7 11
0 26 0
1 19 1
2 19 1
t 1378 13
m 7 11
0 26 1
1 19 0
2 19 2
t 1377 13
m 7 10
0 25 1
1 19 1
2 19 3
t 1376 13
m 8 10
0 24 1
1 19 2
2 19 4
t 1375 13
m 9 10
0 23 1
1 19 3
2 19 5
t 1374 13
m 10 10
0 22 1
1 19 4
2 18 5
t 1373 13
m 11 10
0 22 0
1 19 5
2 17 5
t 1372 13
m 12 10
0 21 0
1 18 5
2 16 5
t 1371 13
m 13 10
0 20 0
1 17 5
2 16 6
t 1370 13
m 13 11
0 19 0
1 16 5
2 16 7
t 1369 20
m 13 10
0 19 1
1 16 6
2 16 8
t 1368 20
m 12 10
0 19 0
1 16 7
2 16 9
t 1367 20
m 12 9
0 19 1
1 16 8
2 16 10
t 1366 20
m 12 8
0 19 0
1 16 9
2 16 9
t 1365 20
m 12 7
0 19 1
1 16 8
2 16 8
t 1364 20
m 12 7
0 19 0
1 16 7
2 16 7
t 1363 20
m 12 6
0 19 1
1 16 6
2 16 8
t 1362 20
m 13 6
0 19 0
1 16 5
2 16 7
t 1361 20
m 14 6
0 19 1
1 16 6
2 16 6
t 1360 20
m 15 6
0 19 0
1 16 7
2 16 5
t 1359 26
m 15 6
0 19 1
1 16 6
2 16 6
t 1358 26
m 16 6
0 19 0
1 16 5
2 16 5
t 1357 26
m 16 6
0 19 1
1 15 5
2 15 5
t 1356 26
m 16 6
0 19 0
1 15 6
2 16 5
t 1355 26
m 16 6
0 18 0
1 15 5
2 15 5
t 1354 26
m 16 6
0 19 0
1 16 5
2 16 5
t 1353 26
m 15 6
0 18 0
1 15 5
2 15 5
t 1352 26
m 16 6
0 19 0
1 16 5
2 16 5
t 1351 26
m 16 6
0 19 1
1 15 5
2 15 5
t 1350 26
m 16 6
0 19 0
1 16 5
2 15 6
t 1349 26
m 16 5
0 19 1
1 15 5
2 15 5
t 1348 26
m 17 5
0 19 0
1 15 6
2 15 6
t 1347 26
m 18 5
0 20 0
1 15 5
2 16 6
t 1346 26
m 19 5
0 19 0
1 16 5
2 16 5
t 1345 26
m 19 6
0 20 0
1 15 5
2 17 5
t 1344 33
m 20 6
0 19 0
1 16 5
2 16 5
t 1343 33
m 21 6
0 19 1
1 16 6
2 16 6
t 1342 33
m 21 6
0 19 0
1 16 5
2 16 5
t 1341 33
m 21 6
0 20 0
1 16 6
2 16 6
t 1340 33
m 20 6
0 19 0
1 16 5
2 16 5
t 1339 33
m 21 6
0 20 0
1 16 6
2 16 6
t 1338 33
m 20 6
0 19 0
1 16 5
2 16 5
t 1337 33
m 20 6
0 20 0
1 16 6
2 16 6
t 1336 33
m 21 6
0 19 0
1 16 5
2 15 6
t 1335 33
m 21 6
0 20 0
1 16 6
2 16 6
t 1334 33
m 21 6
0 19 0
1 16 5
2 15 6
t 1333 33
m 21 6
0 20 0
1 16 6
2 16 6
t 1332 33
m 20 6
0 19 0
1 16 5
2 16 5
t 1331 33
m 20 6
0 20 0
1 16 6
2 16 6
t 1330 33
m 21 6
0 19 0
1 16 5
2 15 6
t 1329 33
m 21 6
0 20 0
1 16 6
2 16 6
t 1328 33
m 20 6
0 19 0
1 16 5
2 16 5
t 1327 33
m 21 6
0 20 0
1 17 5
2 16 6
t 1326 33
m 21 6
0 19 0
1 18 5
2 16 5
t 1325 33
m 22 6
0 20 0
1 17 5
2 17 5
t 1324 33
m 22 7
0 19 0
1 18 5
2 18 5
t 1323 33
m 22 8
0 20 0
1 18 6
2 19 5
t 1322 33
m 22 9
0 19 0
1 19 6
2 19 6
t 1321 33
m 22 10
0 20 0
1 20 6
2 20 6
t 1320 33
m 21 10
0 19 0
1 21 6
2 21 6
t 1319 43
m 21 11
0 20 0
1 20 6
2 22 6
t 1318 43
m 21 12
0 19 0
1 19 6
2 21 6
t 1317 43
m 21 13
0 20 0
1 18 6
2 22 6
t 1316 50
m 21 13
0 19 0
1 19 6
2 21 6
t 1315 50
m 21 13
0 20 0
1 20 6
2 20 6
t 1314 50
m 21 13
0 19 0
1 19 6
2 19 6
t 1313 50
m 21 13
0 20 0
1 20 6
2 18 6
t 1312 50
m 21 12
0 19 0
1 21 6
2 19 6
f 33 19
t 1311 50
m 21 13
0 20 0
1 20 6
2 20 6
t 1310 50
m 21 12
0 19 0
1 21 6
2 21 6
t 1309 50
m 21 12
0 20 0
1 22 6
2 20 6
t 1308 50
m 20 12
0 19 0
1 21 6
2 21 6
t 1307 50
m 21 12
0 20 0
1 20 6
2 20 6
t 1306 50
m 21 12
0 19 0
1 21 6
2 21 6
t 1305 50
m 21 13
0 20 0
1 22 6
2 22 6
t 1304 50
m 21 14
0 19 0
1 22 7
2 22 7
t 1303 50
m 21 15
0 20 0
1 22 8
2 22 8
t 1302 50
m 21 16
0 19 0
1 22 9
2 22 9
t 1301 50
m 21 17
0 20 0
1 22 10
2 22 10
t 1300 50
m 21 18
0 19 0
1 21 10
2 21 10
t 1299 50
m 21 18
0 20 0
1 21 11
2 21 11
t 1298 50
m 21 19
0 19 0
1 21 12
2 21 12
t 1297 50
m 22 19
0 20 0
1 21 13
2 21 13
t 1296 50
m 23 19
0 19 0
1 21 14
2 21 14
t 1295 50
m 24 19
0 20 0
1 21 15
2 21 15
t 1294 56
m 25 19
0 19 0
1 21 16
2 21 16
t 1293 56
m 25 19
0 20 0
1 21 17
2 21 17
t 1292 56
m 26 19
0 19 0
1 21 18
2 21 18
t 1291 56
m 27 19
0 20 0
1 21 19
2 21 19
t 1290 63
m 28 19
0 19 0
1 22 19
2 22 19
t 1289 63
m 29 19
0 20 0
1 23 19
2 23 19
t 1288 63
m 30 19
0 19 0
1 24 19
2 24 19
t 1287 70
m 31 19
0 20 0
1 25 19
2 25 19
t 1286 70
m 32 19
0 21 0
1 26 19
2 26 19
t 1285 70
m 33 19
0 22 0
1 27 19
2 27 19
f 0 17
t 1284 80
m 32 19
0 22 1
1 28 19
2 28 19
t 1283 80
m 33 19
0 22 0
1 29 19
2 29 19
t 1282 80
m 34 19
0 22 1
1 30 19
2 28 19
t 1281 80
m 34 18
0 22 0
1 31 19
2 29 19
t 1280 80
m 34 17
0 21 0
1 32 19
2 30 19
t 1279 80
m 34 16
0 22 0
1 31 19
2 31 19
t 1278 86
m 34 15
0 21 0
1 32 19
2 30 19
t 1277 86
m 34 14
0 22 0
1 33 19
2 31 19
t 1276 86
m 34 13
0 21 0
1 32 19
2 32 19
t 1275 86
m 34 14
0 22 0
1 33 19
2 33 19
t 1274 86
m 34 14
0 21 0
1 34 19
2 34 19
t 1273 86
m 34 14
0 22 0
1 34 18
2 34 18
t 1272 86
m 34 13
0 22 1
1 34 17
2 34 17
t 1271 86
m 34 12
0 22 0
1 34 16
2 34 16
t 1270 86
m 34 11
0 21 0
1 34 15
2 34 15
t 1269 86
m 34 11
0 22 0
1 34 14
2 34 14
t 1268 86
m 34 11
0 21 0
1 34 13
2 34 13
t 1267 86
m 34 11
0 22 0
1 34 12
2 34 14
t 1266 86
m 34 11
0 21 0
1 34 13
2 33 14
t 1265 86
m 34 10
0 22 0
1 34 14
2 34 14
t 1264 86
m 34 9
0 22 1
1 34 15
2 34 13
t 1263 86
m 34 9
0 22 0
1 34 14
2 34 14
t 1262 86
m 33 9
0 21 0
1 34 13
2 34 13
t 1261 86
m 33 9
0 22 0
1 34 12
2 34 12
t 1260 86
m 33 9
0 21 0
1 34 11
2 34 11
t 1259 86
m 33 9
0 22 0
1 34 12
2 34 10
t 1258 86
m 33 8
0 21 0
1 34 11
2 34 11
t 1257 86
m 33 7
0 22 0
1 34 10
2 34 10
t 1256 86
m 33 6
0 22 1
1 34 9
2 34 9
t 1255 86
m 33 7
0 22 0
1 33 9
2 33 9
t 1254 86
m 33 7
0 21 0
1 34 9
2 32 9
t 1253 86
m 33 6
0 22 0
1 33 9
2 33 9
t 1252 86
m 33 5
0 21 0
1 33 8
2 32 9
t 1251 86
m 33 4
0 22 0
1 33 9
2 33 9
t 1250 93
m 33 5
0 21 0
1 33 8
2 33 8
t 1249 93
m 33 6
0 22 0
1 33 9
2 33 9
t 1248 93
m 33 5
0 22 1
1 34 9
2 32 9
t 1247 93
m 33 5
0 22 0
1 33 9
2 33 9
t 1246 93
m 33 6
0 21 0
1 33 8
2 33 8
t 1245 93
m 33 5
0 22 0
1 33 7
2 33 9
t 1244 93
m 33 4
0 21 0
1 33 8
2 33 8
t 1243 93
m 33 4
0 22 0
1 33 7
2 33 9
t 1242 93
m 33 5
0 21 0
1 33 6
2 33 8
t 1241 93
m 33 6
0 22 0
1 33 7
2 33 9
t 1240 93
m 33 7
0 21 0
1 33 8
2 33 8
t 1239 93
m 33 7
0 22 0
1 33 9
2 33 9
t 1238 93
m 33 6
0 21 0
1 34 9
2 34 9
t 1237 93
m 33 6
0 20 0
1 33 9
2 33 9
t 1236 93
m 33 6
0 19 0
1 34 9
2 34 9
t 1235 93
m 33 6
0 20 0
1 33 9
2 34 10
t 1234 93
m 33 5
0 21 0
1 34 9
2 34 9
t 1233 93
m 33 6
0 22 0
1 33 9
2 33 9
t 1232 93
m 33 5
0 21 0
1 34 9
2 32 9
t 1231 93
m 33 6
0 22 0
1 33 9
2 33 9
t 1230 93
m 33 5
0 21 0
1 33 8
2 32 9
t 1229 93
m 33 5
0 22 0
1 33 9
2 33 9
t 1228 93
m 33 4
0 21 0
1 33 8
2 33 8
t 1227 93
m 33 4
0 22 0
1 33 7
2 33 9
t 1226 93
m 32 4
0 21 0
1 33 8
2 33 8
t 1225 93
m 32 4
0 22 0
1 33 7
2 33 7
t 1224 93
m 32 4
0 21 0
1 33 8
2 33 6
t 1223 93
m 32 4
0 22 0
1 33 7
2 33 7
t 1222 93
m 33 4
0 21 0
1 33 6
2 33 6
t 1221 93
m 33 4
0 22 0
1 33 5
2 33 7
t 1220 93
m 33 4
0 22 1
1 33 6
2 33 6
t 1219 93
m 32 4
0 22 0
1 33 7
2 33 7
t 1218 93
m 33 4
0 22 1
1 33 6
2 33 6
t 1217 93
m 34 4
0 23 1
1 33 7
2 33 5
t 1216 93
m 34 3
0 24 1
1 33 6
2 33 4
t 1215 93
m 34 3
0 25 1
1 33 5
2 33 5
t 1214 93
m 34 3
0 26 1
1 33 4
2 33 6
t 1213 93
m 34 2
0 26 0
1 33 5
2 33 5
t 1212 93
m 34 1
0 26 1
1 33 4
2 33 4
t 1211 93
m 34 1
0 26 0
1 34 4
2 34 4
t 1210 93
m 34 0
0 27 0
1 33 4
2 34 3
t 1209 93
m 33 0
0 28 0
1 34 4
2 34 4
t 1208 93
m 32 0
0 27 0
1 33 4
2 33 4
t 1207 93
m 32 0
0 28 0
1 32 4
2 33 5
t 1206 93
m 32 0
0 27 0
1 33 4
2 33 4
t 1205 93
m 32 0
0 28 0
1 32 4
2 32 4
t 1204 93
m 32 0
0 29 0
1 32 3
2 32 3
t 1203 93
m 31 0
0 30 0
1 32 2
2 32 2
t 1202 93
m 32 0
0 29 0
1 31 2
2 31 2
t 1201 93
m 31 0
0 30 0
1 30 2
2 32 2
t 1200 93
m 32 0
0 30 1
1 30 1
2 31 2
t 1199 93
m 32 0
0 30 0
1 30 0
2 30 2
t 1198 93
m 33 0
0 31 0
1 31 0
2 30 1
t 1197 93
m 34 0
0 30 0
1 30 0
2 30 0
t 1196 93
m 34 0
0 30 1
1 31 0
2 29 0
t 1195 93
m 34 1
0 30 0
1 30 0
2 30 0
t 1194 93
m 34 2
0 29 0
1 30 1
2 31 0
t 1193 93
m 34 2
0 28 0
1 30 0
2 30 0
t 1192 93
m 34 1
0 29 0
1 29 0
2 31 0
t 1191 93
m 34 2
0 30 0
1 30 0
2 30 0
t 1190 93
m 34 1
0 31 0
1 30 1
2 31 0
t 1189 93
m 34 2
0 30 0
1 30 0
2 30 0
t 1188 93
m 34 3
0 31 0
1 31 0
2 31 0
t 1187 93
m 34 4
0 30 0
1 30 0
2 30 0
t 1186 93
m 33 4
0 31 0
1 30 1
2 31 0
t 1185 93
m 32 4
0 30 0
1 30 0
2 30 0
t 1184 93
m 33 4
0 31 0
1 31 0
2 31 0
t 1183 93
m 33 5
0 30 0
1 30 0
2 30 0
t 1182 93
m 33 6
0 30 1
1 30 1
2 31 0
t 1181 93
m 33 7
0 30 0
1 30 0
2 30 0
t 1180 93
m 33 6
0 31 0
1 30 1
2 31 0
t 1179 93
m 33 5
0 30 0
1 30 0
2 30 0
t 1178 93
m 33 5
0 31 0
1 31 0
2 31 0
t 1177 93
m 33 6
0 30 0
1 30 0
2 30 0
t 1176 93
m 33 5
0 31 0
1 31 0
2 31 0
t 1175 93
m 33 5
0 30 0
1 30 0
2 30 0
t 1174 93
m 33 5
0 31 0
1 31 0
2 31 0
t 1173 93
m 33 4
0 30 0
1 30 0
2 30 0
t 1172 93
m 34 4
0 31 0
1 31 0
2 31 0
t 1171 93
m 34 3
0 30 0
1 30 0
2 30 0
t 1170 93
m 34 3
0 30 1
1 31 0
2 31 0
t 1169 93
m 34 4
0 30 0
1 30 0
2 30 0
t 1168 93
m 33 4
0 31 0
1 31 0
2 31 0
t 1167 93
m 34 4
0 30 0
1 30 0
2 30 0
t 1166 93
m 34 3
0 31 0
1 30 1
2 31 0
t 1165 93
m 34 3
0 30 0
1 30 0
2 30 0
t 1164 93
m 34 3
0 31 0
1 31 0
2 31 0
t 1163 93
m 34 3
0 30 0
1 30 0
2 30 0
t 1162 93
m 34 3
0 31 0
1 31 0
2 30 1
t 1161 93
m 34 2
0 30 0
1 30 0
2 30 0
t 1160 93
m 34 3
0 30 1
1 30 1
2 29 0
t 1159 93
m 34 4
0 30 0
1 30 0
2 30 0
t 1158 93
m 33 4
0 31 0
1 31 0
2 31 0
t 1157 93
m 33 4
0 30 0
1 30 0
2 30 0
t 1156 93
m 33 4
0 30 1
1 31 0
2 31 0
t 1155 93
m 33 5
0 30 0
1 30 0
2 30 0
t 1154 93
m 33 6
0 31 0
1 30 1
2 31 0
t 1153 93
m 33 7
0 30 0
1 30 0
2 30 0
t 1152 93
m 33 8
0 31 0
1 31 0
2 30 1
t 1151 93
m 33 9
0 30 0
1 30 0
2 30 0
t 1150 93
m 34 9
0 31 0
1 31 0
2 30 1
t 1149 93
m 33 9
0 30 0
1 30 0
2 30 0
t 1148 93
m 33 9
0 31 0
1 30 1
2 31 0
t 1147 93
m 33 9
0 30 0
1 30 0
2 30 0
t 1146 93
m 32 9
0 30 1
1 31 0
2 31 0
t 1145 93
m 33 9
0 30 0
1 30 0
2 30 0
t 1144 93
m 34 9
0 31 0
1 31 0
2 30 1
t 1143 93
m 33 9
0 30 0
1 30 0
2 30 0
t 1142 93
m 32 9
0 31 0
1 31 0
2 31 0
t 1141 93
m 32 10
0 30 0
1 30 0
2 30 0
t 1140 93
m 32 11
0 30 1
1 31 0
2 31 0
t 1139 93
m 32 10
0 30 0
1 30 0
2 30 0
t 1138 93
m 32 11
0 30 1
1 31 0
2 31 0
t 1137 93
m 32 12
0 30 0
1 30 0
2 30 0
t 1136 93
m 32 12
0 31 0
1 31 0
2 30 1
t 1135 93
m 31 12
0 30 0
1 30 0
2 30 0
t 1134 93
m 31 12
0 31 0
1 31 0
2 31 0
t 1133 93
m 30 12
0 30 0
1 30 0
2 30 0
t 1132 93
m 31 12
0 30 1
1 30 1
2 30 1
t 1131 93
m 31 12
0 30 0
1 30 0
2 30 0
t 1130 93
m 32 12
0 30 1
1 30 1
2 31 0
t 1129 93
m 31 12
0 30 0
1 30 0
2 30 0
t 1128 93
m 32 12
0 31 0
1 30 1
2 31 0
t 1127 93
m 31 12
0 30 0
1 30 0
2 30 0
t 1126 93
m 30 12
0 31 0
1 30 1
2 30 1
t 1125 93
m 30 13
0 30 0
1 30 0
2 30 0
t 1124 93
m 29 13
0 30 1
1 30 1
2 30 1
t 1123 93
m 30 13
0 30 0
1 30 0
2 30 0
t 1122 93
m 29 13
0 30 1
1 30 1
2 30 1
t 1121 93
m 30 13
0 30 0
1 30 0
2 30 0
t 1120 93
m 30 13
0 30 1
1 30 1
2 30 1
t 1119 93
m 30 14
0 30 0
1 30 0
2 30 0
t 1118 93
m 30 13
0 30 1
1 30 1
2 30 1
t 1117 93
m 29 13
0 30 0
1 30 0
2 30 0
t 1116 93
m 30 13
0 30 1
1 30 1
2 29 0
t 1115 93
m 29 13
0 30 0
1 30 0
2 30 0
t 1114 93
m 29 13
0 29 0
1 29 0
2 29 0
t 1113 93
m 28 13
0 28 0
1 30 0
2 30 0
t 1112 93
m 27 13
0 28 1
1 29 0
2 29 0
t 1111 93
m 28 13
0 28 0
1 28 0
2 28 0
t 1110 93
m 29 13
0 28 1
1 28 1
2 28 1
t 1109 93
m 28 13
0 28 0
1 28 0
2 28 0
t 1108 93
m 28 13
0 28 1
1 28 1
2 28 1
t 1107 93
m 27 13
0 28 0
1 28 0
2 28 0
t 1106 93
m 28 13
0 27 0
1 27 0
2 27 0
t 1105 93
m 28 13
0 28 0
1 28 0
2 28 0
t 1104 93
m 28 13
0 28 1
1 28 1
2 28 1
t 1103 93
m 29 13
0 28 0
1 28 0
2 28 0
t 1102 93
m 30 13
0 29 0
1 29 0
2 28 1
t 1101 93
m 29 13
0 30 0
1 30 0
2 28 0
t 1100 93
m 29 13
0 30 1
1 29 0
2 28 1
t 1099 93
m 28 13
0 30 0
1 28 0
2 28 0
t 1098 93
m 27 13
0 30 1
1 28 1
2 28 1
t 1097 93
m 28 13
0 30 0
1 28 0
2 28 0
t 1096 93
m 28 13
0 29 0
1 28 1
2 28 1
t 1095 93
m 29 13
0 28 0
1 28 0
2 28 0
t 1094 93
m 30 13
0 29 0
1 29 0
2 29 0
t 1093 93
m 30 13
0 30 0
1 30 0
2 30 0
t 1092 93
m 30 13
0 30 1
1 30 1
2 30 1
t 1091 93
m 29 13
0 30 0
1 30 0
2 30 0
t 1090 93
m 28 13
0 29 0
1 29 0
2 29 0
t 1089 93
m 27 13
0 28 0
1 28 0
2 28 0
t 1088 93
m 27 13
0 27 0
1 27 0
2 28 1
t 1087 93
m 27 12
0 28 0
1 28 0
2 28 0
t 1086 93
m 27 11
0 27 0
1 27 0
2 28 1
t 1085 93
m 27 11
0 28 0
1 28 0
2 28 0
t 1084 93
m 27 10
0 27 0
1 27 0
2 27 0
t 1083 93
m 26 10
0 28 0
1 28 0
2 28 0
t 1082 93
m 27 10
0 27 0
1 27 0
2 28 1
t 1081 93
m 27 10
0 28 0
1 28 0
2 28 0
t 1080 93
m 26 10
0 27 0
1 28 1
2 28 1
t 1079 93
m 25 10
0 28 0
1 28 0
2 28 0
t 1078 93
m 25 10
0 27 0
1 27 0
2 27 0
t 1077 93
m 24 10
0 28 0
1 28 0
2 28 0
t 1076 93
m 24 10
0 27 0
1 28 1
2 27 0
t 1075 93
m 24 10
0 28 0
1 28 0
2 28 0
t 1074 93
m 25 10
0 27 0
1 27 0
2 27 0
t 1073 93
m 24 10
0 28 0
1 28 0
2 28 0
t 1072 93
m 23 10
0 28 1
1 28 1
2 27 0
t 1071 93
m 24 10
0 28 0
1 28 0
2 28 0
t 1070 93
m 24 10
0 28 1
1 27 0
2 27 0
t 1069 93
m 23 10
0 28 0
1 28 0
2 28 0
t 1068 93
m 22 10
0 27 0
1 27 0
2 27 0
t 1067 93
m 22 9
0 28 0
1 28 0
2 28 0
t 1066 93
m 22 10
0 27 0
1 27 0
2 28 1
t 1065 93
m 22 10
0 28 0
1 28 0
2 28 0
t 1064 93
m 22 10
0 27 0
1 28 1
2 27 0
t 1063 93
m 22 9
0 28 0
1 28 0
2 28 0
t 1062 93
m 22 9
0 27 0
1 27 0
2 27 0
t 1061 93
m 22 8
0 28 0
1 28 0
2 28 0
t 1060 93
m 22 7
0 28 1
1 27 0
2 27 0
t 1059 93
m 22 8
0 28 0
1 28 0
2 28 0
t 1058 93
m 22 8
0 27 0
1 27 0
2 28 1
t 1057 93
m 22 9
0 28 0
1 28 0
2 28 0
t 1056 93
m 22 10
0 28 1
1 27 0
2 28 1
t 1055 93
m 21 10
0 28 0
1 28 0
2 28 0
t 1054 93
m 20 10
0 27 0
1 28 1
2 27 0
t 1053 93
m 19 10
0 28 0
1 28 0
2 28 0
t 1052 93
m 19 10
0 28 1
1 28 1
2 27 0
t 1051 93
m 18 10
0 28 0
1 28 0
2 28 0
t 1050 93
m 18 9
0 27 0
1 27 0
2 27 0
t 1049 93
m 18 10
0 28 0
1 28 0
2 28 0
t 1048 93
m 19 10
0 27 0
1 27 0
2 27 0
t 1047 93
m 18 10
0 28 0
1 28 0
2 28 0
t 1046 93
m 18 11
0 27 0
1 27 0
2 27 0
t 1045 93
m 18 11
0 28 0
1 26 0
2 28 0
t 1044 93
m 18 10
0 27 0
1 26 1
2 27 0
t 1043 93
m 18 10
0 28 0
1 26 2
2 28 0
t 1042 93
m 18 9
0 27 0
1 26 1
2 28 1
t 1041 93
m 18 8
0 28 0
1 26 2
2 28 0
t 1040 93
m 18 7
0 27 0
1 26 1
2 28 1
t 1039 93
m 18 6
0 28 0
1 25 1
2 28 0
t 1038 93
m 18 6
0 27 0
1 24 1
2 27 0
t 1037 93
m 18 5
0 28 0
1 23 1
2 28 0
t 1036 93
m 17 5
0 28 1
1 22 1
2 27 0
t 1035 93
m 18 5
0 28 0
1 22 0
2 26 0
t 1034 93
m 17 5
0 28 1
1 21 0
2 26 1
t 1033 93
m 17 5
0 28 0
1 20 0
2 25 1
t 1032 93
m 17 5
0 28 1
1 19 0
2 24 1
t 1031 93
m 16 5
0 28 0
1 19 1
2 23 1
t 1030 93
m 15 5
0 28 1
1 19 0
2 22 1
t 1029 93
m 15 6
0 28 0
1 19 1
2 22 0
t 1028 93
m 16 6
0 27 0
1 19 0
2 21 0
t 1027 93
m 16 5
0 28 0
1 19 1
2 20 0
t 1026 93
m 16 5
0 27 0
1 19 0
2 19 0
t 1025 93
m 17 5
0 28 0
1 19 1
2 18 0
t 1024 93
m 16 5
0 27 0
1 19 0
2 19 0
t 1023 93
m 16 5
0 28 0
1 18 0
2 19 1
t 1022 93
m 16 6
0 27 0
1 19 0
2 19 0
t 1021 93
m 15 6
0 28 0
1 18 0
2 19 1
t 1020 93
m 16 6
0 27 0
1 19 0
2 19 0
t 1019 93
m 16 5
0 28 0
1 18 0
2 18 0
t 1018 93
m 17 5
0 27 0
1 19 0
2 19 0
t 1017 93
m 16 5
0 28 0
1 19 1
2 19 1
t 1016 93
m 16 6
0 27 0
1 19 0
2 19 0
t 1015 93
m 16 7
0 28 0
1 19 1
2 18 0
t 1014 93
m 16 6
0 27 0
1 19 0
2 19 0
t 1013 93
m 16 5
0 28 0
1 19 1
2 18 0
t 1012 93
m 17 5
0 27 0
1 19 0
2 19 0
t 1011 93
m 16 5
0 28 0
1 19 1
2 18 0
t 1010 93
m 17 5
0 27 0
1 19 0
2 19 0
t 1009 93
m 16 5
0 28 0
1 19 1
2 19 1
t 1008 93
m 16 5
0 27 0
1 19 0
2 19 0
t 1007 93
m 16 5
0 28 0
1 19 1
2 19 1
t 1006 93
m 16 5
0 27 0
1 19 0
2 19 0
t 1005 93
m 15 5
0 28 0
1 18 0
2 19 1
t 1004 93
m 15 5
0 27 0
1 19 0
2 19 0
t 1003 93
m 15 4
0 28 0
1 19 1
2 18 0
t 1002 93
m 15 3
0 27 0
1 19 0
2 19 0
t 1001 93
m 15 2
0 28 0
1 19 1
2 18 0
t 1000 93
m 15 1
0 27 0
1 19 0
2 19 0
t 999 93
m 15 0
0 28 0
1 19 1
2 19 1
t 998 93
m 15 0
0 27 0
1 19 0
2 19 0
t 997 93
m 16 0
0 28 0
1 18 0
2 18 0
t 996 93
m 17 0
0 27 0
1 19 0
2 19 0
t 995 100
m 16 0
0 28 0
1 19 1
2 20 0
t 994 100
m 16 0
0 27 0
1 19 0
2 19 0
t 993 100
m 15 0
0 28 0
1 18 0
2 18 0
t 992 100
m 14 0
0 27 0
1 19 0
2 19 0
t 991 100
m 14 0
0 28 0
1 18 0
2 20 0
t 990 100
m 14 0
0 27 0
1 19 0
2 19 0
t 989 100
m 13 0
0 28 0
1 18 0
2 18 0
t 988 100
m 13 0
0 27 0
1 19 0
2 19 0
t 987 100
m 14 0
0 28 0
1 20 0
2 20 0
t 986 100
m 14 0
0 27 0
1 19 0
2 19 0
t 985 100
m 13 0
0 28 0
1 18 0
2 18 0
t 984 100
m 12 0
0 27 0
1 19 0
2 19 0
t 983 100
m 13 0
0 28 0
1 18 0
2 18 0
t 982 100
m 12 0
0 27 0
1 19 0
2 19 0
t 981 100
m 12 1
0 28 0
1 18 0
2 18 0
t 980 100
m 11 1
0 27 0
1 19 0
2 19 0
t 979 100
m 12 1
0 28 0
1 18 0
2 19 1
t 978 100
m 12 0
0 27 0
1 19 0
2 19 0
t 977 100
m 12 0
0 28 0
1 18 0
2 18 0
t 976 100
m 12 0
0 27 0
1 19 0
2 19 0
t 975 100
m 12 0
0 28 0
1 18 0
2 18 0
t 974 100
m 12 0
0 27 0
1 19 0
2 19 0
t 973 100
m 12 1
0 28 0
1 18 0
2 18 0
t 972 100
m 11 1
0 27 0
1 19 0
2 19 0
t 971 100
m 11 1
0 28 0
1 18 0
2 18 0
t 970 100
m 11 1
0 27 0
1 19 0
2 19 0
t 969 100
m 10 1
0 28 0
1 18 0
2 18 0
t 968 100
m 9 1
0 27 0
1 19 0
2 19 0
t 967 100
m 8 1
0 28 0
1 18 0
2 19 1
t 966 100
m 8 0
0 27 0
1 19 0
2 19 0
t 965 100
m 7 0
0 28 0
1 18 0
2 18 0
t 964 100
m 6 0
0 27 0
1 19 0
2 19 0
t 963 100
m 5 0
0 28 0
1 18 0
2 18 0
t 962 100
m 4 0
0 27 0
1 19 0
2 19 0
t 961 100
m 3 0
0 28 0
1 18 0
2 18 0
t 960 100
m 2 0
0 27 0
1 19 0
2 19 0
t 959 100
m 1 0
0 28 0
1 18 0
2 18 0
t 958 100
m 0 0
0 27 0
1 19 0
2 19 0
t 957 106
m 0 0
0 28 0
1 18 0
2 18 0
t 956 106
m 0 1
0 27 0
1 19 0
2 19 0
t 955 106
m 0 0
0 26 0
1 18 0
2 18 0
t 954 106
m 0 0
0 27 0
1 17 0
2 19 0
t 953 106
m 1 0
0 28 0
1 16 0
2 18 0
t 952 106
m 0 0
0 27 0
1 15 0
2 19 0
t 951 106
m 0 0
0 26 0
1 14 0
2 18 0
t 950 106
m 0 0
0 26 1
1 15 0
2 19 0
t 949 106
m 0 1
0 26 0
1 14 0
2 18 0
t 948 106
m 0 2
0 26 1
1 15 0
2 19 0
t 947 106
m 0 3
0 25 1
1 14 0
2 18 0
t 946 106
m 0 4
0 24 1
1 15 0
2 19 0
t 945 106
m 1 4
0 23 1
1 14 0
2 18 0
t 944 106
m 1 4
0 22 1
1 15 0
2 19 0
t 943 106
m 1 5
0 22 0
1 14 0
2 18 0
t 942 106
m 1 6
0 21 0
1 15 0
2 17 0
t 941 106
m 1 7
0 20 0
1 14 0
2 16 0
t 940 106
m 1 8
0 19 0
1 15 0
2 15 0
t 939 113
m 1 8
0 19 1
1 14 0
2 14 0
t 938 113
m 1 8
0 19 0
1 13 0
2 15 0
t 937 113
m 1 9
0 19 1
1 12 0
2 14 0
t 936 113
m 1 8
0 19 0
1 12 1
2 13 0
t 935 113
m 1 9
0 18 0
1 11 1
2 12 0
t 934 113
m 0 9
0 19 0
1 10 1
2 12 1
t 933 113
m 0 10
0 19 1
1 9 1
2 11 1
t 932 113
m 0 11
0 19 0
1 8 1
2 10 1
t 931 113
m 0 11
0 19 1
1 8 2
2 9 1
t 930 113
m 0 12
0 19 0
1 7 2
2 8 1
t 929 113
m 0 13
0 19 1
1 6 2
2 8 2
t 928 113
m 0 14
0 19 0
1 6 1
2 7 2
t 927 113
m 0 15
0 18 0
1 6 0
2 6 2
t 926 113
m 0 14
0 19 0
1 5 0
2 7 2
t 925 113
m 1 14
0 19 1
1 4 0
2 6 2
t 924 113
m 0 14
0 19 0
1 3 0
2 6 1
t 923 113
m 0 15
0 18 0
1 4 0
2 6 0
t 922 113
m 0 16
0 19 0
1 3 0
2 5 0
t 921 113
m 0 17
0 18 0
1 2 0
2 4 0
t 920 123
m 0 18
0 19 0
1 1 0
2 3 0
t 919 123
m 0 17
0 18 0
1 0 0
2 4 0
t 918 123
m 0 17
0 19 0
1 0 1
2 3 0
t 917 123
m 0 18
0 20 0
1 0 0
2 2 0
f 32 4
t 916 123
m 0 19
0 19 0
1 0 1
2 1 0
t 915 123
m 0 18
0 18 0
1 0 0
2 0 0
t 914 123
m 0 17
0 19 0
1 0 1
2 0 1
t 913 123
m 0 16
0 18 0
1 0 0
2 0 0
t 912 123
m 0 17
0 19 0
1 0 1
2 0 1
t 911 123
m 0 17
0 20 0
1 0 0
2 0 0
t 910 123
m 0 18
0 19 0
1 0 1
2 0 1
t 909 123
m 0 17
0 19 1
1 0 0
2 0 2
t 908 123
m 0 17
0 19 0
1 0 1
2 0 3
t 907 123
m 0 16
0 19 1
1 0 0
2 0 4
t 906 123
m 0 17
0 19 0
1 0 1
2 0 3
t 905 123
m 0 16
0 20 0
1 0 0
2 0 4
t 904 123
m 0 17
0 19 0
1 0 1
2 0 3
t 903 123
m 0 18
0 19 1
1 0 0
2 0 4
t 902 123
m 0 19
0 19 0
1 0 1
2 0 3
t 901 123
m 0 19
0 19 1
1 0 0
2 0 4
t 900 123
m 1 19
0 19 0
1 0 1
2 0 3
t 899 123
m 1 19
0 18 0
1 0 0
2 0 4
t 898 123
m 1 19
0 19 0
1 0 1
2 1 4
t 897 123
m 2 19
0 19 1
1 0 0
2 1 5
t 896 123
m 3 19
0 19 0
1 1 0
2 1 6
t 895 123
m 4 19
0 19 1
1 2 0
2 1 7
t 894 123
m 4 18
0 19 0
1 3 0
2 1 8
t 893 123
m 4 17
0 18 0
1 4 0
2 1 9
t 892 123
m 5 17
0 19 0
1 3 0
2 2 9
t 891 123
m 6 17
0 18 0
1 4 0
2 1 9
t 890 123
m 6 17
0 19 0
1 5 0
2 0 9
t 889 123
m 6 17
0 18 0
1 6 0
2 1 9
t 888 123
m 7 17
0 19 0
1 7 0
2 0 9
t 887 123
m 8 17
0 18 0
1 6 0
2 0 10
t 886 123
m 9 17
0 19 0
1 7 0
2 0 11
t 885 193
