35
20
m 0 19
0 34 0
1 34 0
2 34 0
w 0 5
w 0 6
w 0 7
w 0 8
w 1 1
w 1 2
w 1 3
w 1 10
w 1 11
w 1 12
w 1 13
w 1 15
w 1 17
w 1 18
w 2 1
w 2 5
w 2 6
w 2 7
w 2 8
w 2 13
w 2 15
w 2 17
w 2 18
w 3 1
w 3 3
w 3 4
w 3 5
w 3 6
w 3 7
w 3 8
w 3 9
w 3 10
w 3 11
w 3 13
w 3 17
w 3 18
w 4 3
w 4 4
w 4 5
w 4 6
w 4 7
w 4 8
w 4 9
w 4 10
w 4 11
w 4 15
w 5 1
w 5 2
w 5 3
w 5 4
w 5 5
w 5 6
w 5 7
w 5 8
w 5 9
w 5 10
w 5 11
w 5 12
w 5 14
w 5 15
w 5 16
w 5 18
w 6 3
w 6 4
w 6 5
w 6 6
w 6 7
w 6 8
w 6 9
w 6 10
w 6 11
w 6 12
w 6 14
w 6 15
w 6 16
w 6 18
w 7 1
w 7 3
w 7 4
w 7 5
w 7 6
w 7 7
w 7 8
w 7 9
w 7 14
w 7 15
w 7 16
w 8 3
w 8 4
w 8 5
w 8 6
w 8 7
w 8 8
w 8 9
w 8 11
w 8 12
w 8 13
w 8 14
w 8 15
w 8 16
w 8 18
w 9 0
w 9 2
w 9 3
w 9 4
w 9 5
w 9 6
w 9 7
w 9 8
w 9 9
w 9 11
w 9 12
w 9 13
w 9 14
w 9 15
w 9 16
w 10 0
w 10 2
w 10 3
w 10 4
w 10 5
w 10 6
w 10 7
w 10 8
w 10 9
w 10 11
w 10 12
w 10 13
w 10 14
w 10 15
w 10 16
w 10 17
w 10 18
w 11 0
w 11 2
w 11 3
w 11 4
w 11 5
w 11 6
w 11 7
w 11 8
w 11 9
w 11 11
w 11 12
w 11 13
w 11 14
w 11 15
w 11 16
w 11 17
w 11 18
w 12 2
w 12 3
w 12 4
w 12 5
w 12 11
w 12 12
w 12 13
w 12 14
w 12 15
w 12 16
w 12 17
w 12 18
w 13 1
w 13 2
w 13 3
w 13 4
w 13 5
w 13 7
w 13 8
w 13 9
w 14 1
w 14 2
w 14 3
w 14 4
w 14 5
w 14 7
w 14 8
w 14 9
w 14 11
w 14 13
w 14 14
w 14 15
w 14 16
w 14 17
w 14 18
w 15 7
w 15 8
w 15 9
w 15 11
w 16 1
w 16 2
w 16 3
w 16 4
w 16 13
w 16 14
w 16 15
w 16 17
w 16 18
w 16 19
w 17 1
w 17 2
w 17 3
w 17 4
w 17 6
w 17 7
w 17 8
w 17 9
w 17 10
w 17 11
w 17 13
w 17 14
w 17 15
w 17 17
w 17 18
w 17 19
w 18 1
w 18 2
w 18 3
w 18 4
w 18 13
w 18 14
w 18 15
w 18 17
w 18 18
w 18 19
w 19 7
w 19 8
w 19 9
w 19 11
w 20 1
w 20 2
w 20 3
w 20 4
w 20 5
w 20 7
w 20 8
w 20 9
w 20 11
w 20 13
w 20 14
w 20 15
w 20 16
w 20 17
w 20 18
w 21 1
w 21 2
w 21 3
w 21 4
w 21 5
w 21 7
w 21 8
w 21 9
w 22 2
w 22 3
w 22 4
w 22 5
w 22 11
w 22 12
w 22 13
w 22 14
w 22 15
w 22 16
w 22 17
w 22 18
w 23 0
w 23 2
w 23 3
w 23 4
w 23 5
w 23 6
w 23 7
w 23 8
w 23 9
w 23 11
w 23 12
w 23 13
w 23 14
w 23 15
w 23 16
w 23 17
w 23 18
w 24 0
w 24 2
w 24 3
w 24 4
w 24 5
w 24 6
w 24 7
w 24 8
w 24 9
w 24 11
w 24 12
w 24 13
w 24 14
w 24 15
w 24 16
w 24 17
w 24 18
w 25 0
w 25 2
w 25 3
w 25 4
w 25 5
w 25 6
w 25 7
w 25 8
w 25 9
w 25 11
w 25 12
w 25 13
w 25 14
w 25 15
w 25 16
w 26 3
w 26 4
w 26 5
w 26 6
w 26 7
w 26 8
w 26 9
w 26 11
w 26 12
w 26 13
w 26 14
w 26 15
w 26 16
w 26 18
w 27 1
w 27 3
w 27 4
w 27 5
w 27 6
w 27 7
w 27 8
w 27 9
w 27 14
w 27 15
w 27 16
w 28 3
w 28 4
w 28 5
w 28 6
w 28 7
w 28 8
w 28 9
w 28 10
w 28 11
w 28 12
w 28 14
w 28 15
w 28 16
w 28 18
w 29 1
w 29 2
w 29 3
w 29 4
w 29 5
w 29 6
w 29 7
w 29 8
w 29 9
w 29 10
w 29 11
w 29 12
w 29 14
w 29 15
w 29 16
w 29 18
w 30 3
w 30 4
w 30 5
w 30 6
w 30 7
w 30 8
w 30 9
w 30 10
w 30 11
w 30 15
w 31 1
w 31 3
w 31 4
w 31 5
w 31 6
w 31 7
w 31 8
w 31 9
w 31 10
w 31 11
w 31 13
w 31 17
w 31 18
w 32 1
w 32 5
w 32 6
w 32 7
w 32 8
w 32 13
w 32 15
w 32 17
w 32 18
w 33 1
w 33 2
w 33 3
w 33 10
w 33 11
w 33 12
w 33 13
w 33 15
w 33 17
w 33 18
w 34 5
w 34 6
w 34 7
w 34 8
p 0 0
p 21 13
p 17 0
p 34 16
p 1 8
p 19 6
p 24 19
p 30 19
p 6 13
p 15 6
p 27 19
p 9 17
p 3 15
p 13 11
p 33 4
t 1400 0
m 1 19
0 34 1
1 33 0
2 34 1
t 1399 0
m 2 19
0 34 2
1 34 0
2 34 0
t 1398 0
m 2 19
0 34 1
1 33 0
2 33 0
t 1397 0
m 3 19
0 34 0
1 32 0
2 34 0
t 1396 0
m 2 19
0 33 0
1 31 0
2 33 0
t 1395 0
m 3 19
0 34 0
1 32 0
2 32 0
t 1394 0
m 3 19
0 33 0
1 33 0
2 31 0
t 1393 0
m 4 19
0 32 0
1 32 0
2 32 0
t 1392 0
m 4 18
0 33 0
1 31 0
2 31 0
t 1391 0
m 4 17
0 32 0
1 32 0
2 32 0
t 1390 0
m 4 17
0 33 0
1 31 0
2 33 0
t 1389 0
m 4 18
0 32 0
1 32 0
2 32 0
t 1388 0
m 4 17
0 31 0
1 31 0
2 33 0
t 1387 0
m 4 17
0 32 0
1 32 0
2 34 0
t 1386 0
m 4 17
0 31 0
1 33 0
2 34 1
t 1385 0
m 4 16
0 32 0
1 34 0
2 34 2
t 1384 0
m 4 17
0 31 0
1 34 1
2 34 3
t 1383 0
m 4 18
0 32 0
1 34 2
2 34 4
t 1382 0
m 4 18
0 31 0
1 34 1
2 34 3
t 1381 0
m 4 17
0 30 0
1 34 2
2 34 4
t 1380 0
m 4 16
0 31 0
1 34 3
2 33 4
t 1379 0
m 4 17
0 30 0
1 34 2
2 34 4
t 1378 0
m 5 17
0 29 0
1 34 3
2 33 4
t 1377 0
m 4 17
0 30 0
1 34 2
2 32 4
t 1376 0
m 4 16
0 31 0
1 34 1
2 32 3
t 1375 0
m 3 16
0 30 0
1 34 0
2 32 4
t 1374 0
m 3 15
0 30 1
1 34 1
2 33 4
t 1373 6
m 3 14
0 30 0
1 34 0
2 32 4
t 1372 6
m 2 14
0 31 0
1 34 1
2 32 3
t 1371 6
m 1 14
0 32 0
1 34 0
2 32 2
f 1 7
t 1370 6
m 0 14
0 33 0
1 34 1
2 32 3
t 1369 6
m 0 14
0 32 0
1 34 0
2 32 2
t 1368 6
m 0 14
0 33 0
1 34 1
2 32 3
t 1367 6
m 0 14
0 32 0
1 34 2
2 32 2
t 1366 6
m 0 14
0 31 0
1 34 1
2 31 2
t 1365 6
m 1 14
0 32 0
1 34 0
2 30 2
t 1364 6
m 0 14
0 33 0
1 33 0
2 30 1
t 1363 6
m 0 14
0 34 0
1 34 0
2 30 0
t 1362 6
m 0 14
0 33 0
1 34 1
2 30 1
t 1361 6
m 0 13
0 32 0
1 34 0
2 30 2
t 1360 6
m 0 13
0 31 0
1 34 1
2 30 1
t 1359 6
m 0 14
0 30 0
1 34 0
2 30 0
t 1358 6
m 0 13
0 30 1
1 34 1
2 29 0
t 1357 6
m 0 14
0 30 0
1 34 2
2 28 0
t 1356 6
m 0 14
0 31 0
1 34 1
2 28 1
t 1355 6
m 0 14
0 30 0
1 34 0
2 28 2
t 1354 6
m 1 14
0 29 0
1 33 0
2 27 2
t 1353 6
m 1 14
0 30 0
1 34 0
2 28 2
t 1352 6
m 1 14
0 30 1
1 33 0
2 27 2
t 1351 6
m 0 14
0 30 0
1 32 0
2 28 2
t 1350 6
m 0 14
0 30 1
1 33 0
2 27 2
t 1349 6
m 0 15
0 30 2
1 32 0
2 28 2
t 1348 6
m 0 16
0 31 2
1 31 0
2 28 1
t 1347 6
m 0 17
0 32 2
1 32 0
2 28 0
t 1346 6
m 0 17
0 31 2
1 33 0
2 27 0
t 1345 6
m 0 16
0 30 2
1 34 0
2 28 0
t 1344 6
m 0 17
0 31 2
1 34 1
2 27 0
t 1343 6
m 0 16
0 30 2
1 34 0
2 26 0
t 1342 6
m 0 16
0 31 2
1 33 0
2 26 1
t 1341 6
m 0 15
0 32 2
1 32 0
2 26 2
t 1340 6
m 0 16
0 32 3
1 31 0
2 27 2
t 1339 6
m 0 15
0 32 2
1 32 0
2 28 2
t 1338 6
m 0 14
0 32 3
1 31 0
2 27 2
t 1337 6
m 0 15
0 32 4
1 30 0
2 26 2
t 1336 6
m 0 14
0 32 3
1 29 0
2 26 1
t 1335 6
m 0 14
0 32 2
1 30 0
2 26 2
t 1334 6
m 0 14
0 31 2
1 31 0
2 27 2
t 1333 6
m 0 14
0 30 2
1 30 0
2 28 2
t 1332 6
m 1 14
0 30 1
1 30 1
2 28 1
t 1331 6
m 0 14
0 30 2
1 30 0
2 28 0
t 1330 6
m 0 14
0 30 1
1 31 0
2 29 0
t 1329 6
m 0 13
0 30 2
1 30 0
2 30 0
t 1328 6
m 0 14
0 30 1
1 29 0
2 29 0
t 1327 6
m 1 14
0 30 2
1 28 0
2 28 0
t 1326 6
m 2 14
0 30 1
1 27 0
2 28 1
t 1325 6
m 2 14
0 30 2
1 26 0
2 28 0
t 1324 6
m 3 14
0 30 1
1 26 1
2 28 1
t 1323 6
m 4 14
0 30 0
1 26 0
2 28 0
t 1322 6
m 4 14
0 30 1
1 27 0
2 29 0
t 1321 6
m 4 13
0 30 2
1 28 0
2 30 0
t 1320 6
m 4 13
0 30 1
1 29 0
2 30 1
t 1319 6
m 4 13
0 30 2
1 30 0
2 30 0
t 1318 6
m 4 13
0 31 2
1 30 1
2 31 0
t 1317 6
m 4 13
0 32 2
1 30 2
2 30 0
t 1316 6
m 4 13
0 31 2
1 31 2
2 31 0
t 1315 6
m 5 13
0 32 2
1 30 2
2 30 0
t 1314 6
m 6 13
0 31 2
1 30 1
2 30 1
t 1313 13
m 7 13
0 32 2
1 30 0
2 30 2
t 1312 13
m 7 13
0 32 3
1 29 0
2 30 1
t 1311 13
m 7 12
0 32 4
1 30 0
2 30 2
t 1310 13
m 7 13
0 33 4
1 29 0
2 31 2
t 1309 13
m 7 13
0 34 4
1 28 0
2 32 2
t 1308 13
m 6 13
0 33 4
1 27 0
2 31 2
t 1307 13
m 7 13
0 34 4
1 28 0
2 30 2
t 1306 13
m 7 13
0 34 3
1 27 0
2 30 1
t 1305 13
m 7 13
0 34 2
1 28 0
2 30 0
t 1304 13
m 6 13
0 34 3
1 29 0
2 30 1
t 1303 13
m 7 13
0 34 4
1 30 0
2 30 0
t 1302 13
m 7 13
0 34 3
1 30 1
2 29 0
t 1301 13
m 6 13
0 34 2
1 30 0
2 28 0
t 1300 13
m 7 13
0 34 1
1 30 1
2 29 0
t 1299 13
m 7 12
0 34 0
1 30 2
2 28 0
t 1298 13
m 7 13
0 34 1
1 30 1
2 29 0
t 1297 13
m 7 13
0 34 2
1 30 2
2 28 0
t 1296 13
m 7 13
0 34 1
1 30 1
2 28 1
t 1295 13
m 7 12
0 34 2
1 30 2
2 28 2
t 1294 13
m 7 13
0 34 1
1 30 1
2 27 2
t 1293 13
m 6 13
0 34 0
1 30 0
2 26 2
t 1292 13
m 7 13
0 34 1
1 29 0
2 27 2
t 1291 13
m 6 13
0 34 2
1 30 0
2 26 2
t 1290 13
m 7 13
0 34 1
1 31 0
2 26 1
t 1289 13
m 6 13
0 34 0
1 32 0
2 25 1
t 1288 13
m 7 13
0 33 0
1 33 0
2 24 1
t 1287 13
m 7 13
0 34 0
1 34 0
2 25 1
t 1286 13
m 7 12
0 33 0
1 34 1
2 24 1
t 1285 13
m 7 13
0 32 0
1 34 0
2 25 1
t 1284 13
m 6 13
0 33 0
1 33 0
2 26 1
t 1283 13
m 6 13
0 32 0
1 32 0
2 26 0
t 1282 13
m 6 13
0 33 0
1 31 0
2 27 0
t 1281 13
m 5 13
0 32 0
1 32 0
2 28 0
t 1280 13
m 6 13
0 33 0
1 33 0
2 27 0
t 1279 13
m 6 13
0 34 0
1 32 0
2 26 0
t 1278 13
m 6 13
0 33 0
1 31 0
2 26 1
t 1277 13
m 7 13
0 32 0
1 32 0
2 26 2
t 1276 13
m 6 13
0 33 0
1 31 0
2 26 1
t 1275 13
m 5 13
0 34 0
1 30 0
2 25 1
t 1274 13
m 6 13
0 34 1
1 29 0
2 26 1
t 1273 13
m 7 13
0 34 0
1 28 0
2 26 0
t 1272 13
m 6 13
0 34 1
1 27 0
2 26 1
t 1271 13
m 7 13
0 34 0
1 26 0
2 26 0
t 1270 13
m 7 12
0 33 0
1 26 1
2 26 1
t 1269 13
m 7 11
0 32 0
1 26 0
2 26 0
t 1268 13
m 7 11
0 31 0
1 27 0
2 26 1
t 1267 13
m 7 11
0 32 0
1 28 0
2 25 1
t 1266 13
m 7 11
0 31 0
1 28 1
2 26 1
t 1265 13
m 7 11
0 30 0
1 28 0
2 25 1
t 1264 13
m 7 10
0 29 0
1 28 1
2 26 1
t 1263 13
m 8 10
0 28 0
1 28 0
2 25 1
t 1262 13
m 9 10
0 29 0
1 28 1
2 24 1
t 1261 13
m 10 10
0 30 0
1 28 0
2 25 1
t 1260 13
m 11 10
0 29 0
1 27 0
2 26 1
t 1259 13
m 12 10
0 28 0
1 28 0
2 26 0
t 1258 13
m 12 10
0 27 0
1 29 0
2 27 0
t 1257 13
m 12 9
0 26 0
1 28 0
2 28 0
t 1256 13
m 12 10
0 27 0
1 29 0
2 27 0
t 1255 13
m 13 10
0 28 0
1 28 0
2 26 0
t 1254 13
m 13 10
0 27 0
1 27 0
2 27 0
t 1253 13
m 13 11
0 28 0
1 26 0
2 26 0
t 1252 20
m 13 10
0 27 0
1 26 1
2 27 0
t 1251 20
m 14 10
0 28 0
1 25 1
2 28 0
t 1250 20
m 14 10
0 28 1
1 26 1
2 27 0
t 1249 20
m 15 10
0 28 2
1 26 0
2 26 0
t 1248 20
m 16 10
0 28 1
1 26 1
2 27 0
t 1247 20
m 15 10
0 28 2
1 26 0
2 28 0
t 1246 20
m 14 10
0 27 2
1 26 1
2 28 1
t 1245 20
m 15 10
0 26 2
1 26 2
2 28 0
t 1244 20
m 14 10
0 27 2
1 27 2
2 29 0
t 1243 20
m 14 10
0 28 2
1 26 2
2 28 0
t 1242 20
m 14 10
0 28 1
1 26 1
2 27 0
t 1241 20
m 15 10
0 28 2
1 25 1
2 28 0
t 1240 20
m 15 10
0 27 2
1 24 1
2 29 0
t 1239 20
m 14 10
0 28 2
1 25 1
2 30 0
t 1238 20
m 15 10
0 27 2
1 24 1
2 31 0
t 1237 20
m 15 10
0 26 2
1 23 1
2 30 0
t 1236 20
m 15 10
0 27 2
1 22 1
2 29 0
t 1235 20
m 14 10
0 26 2
1 23 1
2 30 0
t 1234 20
m 15 10
0 26 1
1 24 1
2 30 1
t 1233 20
m 15 10
0 25 1
1 23 1
2 30 0
t 1232 20
m 14 10
0 24 1
1 22 1
2 29 0
t 1231 20
m 15 10
0 25 1
1 22 0
2 28 0
t 1230 20
m 15 10
0 24 1
1 22 1
2 28 1
t 1229 20
m 14 10
0 23 1
1 22 0
2 28 2
t 1228 20
m 15 10
0 24 1
1 22 1
2 28 1
t 1227 20
m 16 10
0 25 1
1 22 0
2 28 2
t 1226 20
m 15 10
0 24 1
1 21 0
2 28 1
t 1225 20
m 15 10
0 23 1
1 22 0
2 28 2
t 1224 20
m 16 10
0 24 1
1 22 1
2 28 1
t 1223 20
m 15 10
0 23 1
1 22 0
2 28 2
t 1222 20
m 15 10
0 22 1
1 21 0
2 28 1
t 1221 20
m 14 10
0 23 1
1 20 0
2 28 2
t 1220 20
m 14 10
0 24 1
1 21 0
2 27 2
t 1219 20
m 15 10
0 25 1
1 22 0
2 26 2
t 1218 20
m 14 10
0 24 1
1 21 0
2 26 1
t 1217 20
m 14 10
0 25 1
1 20 0
2 25 1
t 1216 20
m 13 10
0 24 1
1 19 0
2 26 1
t 1215 20
m 12 10
0 23 1
1 18 0
2 25 1
t 1214 20
m 11 10
0 24 1
1 19 0
2 26 1
t 1213 20
m 10 10
0 23 1
1 19 1
2 26 0
t 1212 20
m 10 10
0 22 1
1 19 0
2 26 1
t 1211 20
m 9 10
0 23 1
1 18 0
2 26 2
t 1210 20
m 8 10
0 24 1
1 17 0
2 27 2
t 1209 20
m 9 10
0 23 1
1 18 0
2 26 2
t 1208 20
m 8 10
0 22 1
1 19 0
2 26 1
t 1207 20
m 7 10
0 23 1
1 18 0
2 26 2
t 1206 20
m 7 11
0 24 1
1 19 0
2 27 2
t 1205 20
m 7 10
0 23 1
1 19 1
2 26 2
t 1204 20
m 8 10
0 22 1
1 19 2
2 26 1
t 1203 20
m 7 10
0 23 1
1 19 3
2 26 2
t 1202 20
m 7 10
0 24 1
1 19 4
2 26 1
t 1201 20
m 8 10
0 25 1
1 19 5
2 26 2
t 1200 20
m 9 10
0 24 1
1 18 5
2 26 1
t 1199 20
m 8 10
0 23 1
1 17 5
2 26 2
t 1198 20
m 7 10
0 24 1
1 16 5
2 27 2
t 1197 20
m 7 10
0 23 1
1 15 5
2 28 2
t 1196 20
m 7 11
0 24 1
1 15 6
2 28 1
t 1195 20
m 7 12
0 25 1
1 15 5
2 28 0
t 1194 20
m 7 12
0 24 1
1 15 4
2 29 0
t 1193 20
m 7 12
0 23 1
1 15 3
2 30 0
t 1192 20
m 7 13
0 22 1
1 15 2
2 30 1
t 1191 20
m 6 13
0 22 0
1 15 3
2 30 2
t 1190 20
m 6 13
0 22 1
1 15 4
2 31 2
t 1189 20
m 5 13
0 23 1
1 15 3
2 32 2
t 1188 20
m 4 13
0 22 1
1 15 4
2 31 2
t 1187 20
m 4 13
0 22 0
1 15 3
2 32 2
t 1186 20
m 5 13
0 22 1
1 15 2
2 32 3
t 1185 20
m 4 13
0 23 1
1 15 3
2 32 4
t 1184 20
m 4 14
0 22 1
1 15 2
2 33 4
t 1183 20
m 3 14
0 22 0
1 15 3
2 32 4
t 1182 20
m 3 15
0 21 0
1 15 2
2 32 3
t 1181 20
m 3 15
0 20 0
1 15 3
2 32 2
t 1180 20
m 3 15
0 19 0
1 15 2
2 31 2
t 1179 20
m 3 14
0 20 0
1 15 3
2 32 2
t 1178 20
m 3 15
0 19 0
1 15 2
2 32 3
t 1177 20
m 3 14
0 20 0
1 15 3
2 32 2
t 1176 20
m 2 14
0 19 0
1 15 4
2 31 2
t 1175 20
m 2 14
0 19 1
1 15 3
2 32 2
t 1174 20
m 1 14
0 19 0
1 15 2
2 31 2
t 1173 20
m 0 14
0 20 0
1 15 3
2 32 2
t 1172 20
m 0 13
0 21 0
1 15 2
2 31 2
t 1171 20
m 0 12
0 20 0
1 15 3
2 32 2
t 1170 20
m 0 12
0 19 0
1 15 4
2 32 3
t 1169 20
m 0 11
0 18 0
1 15 3
2 32 4
t 1168 20
m 0 10
0 17 0
1 15 4
2 33 4
t 1167 20
m 0 10
0 18 0
1 15 5
2 32 4
t 1166 20
m 0 10
0 17 0
1 16 5
2 33 4
t 1165 20
m 0 10
0 18 0
1 15 5
2 34 4
t 1164 20
m 0 9
0 17 0
1 15 4
2 33 4
t 1163 20
m 1 9
0 18 0
1 15 3
2 32 4
t 1162 20
m 1 8
0 19 0
1 15 2
2 32 3
t 1161 26
m 1 7
0 20 0
1 15 1
2 32 2
f 19 5
t 1160 36
m 1 6
0 19 0
1 15 2
2 32 3
t 1159 36
m 1 6
0 19 1
1 15 1
2 32 4
t 1158 36
m 1 5
0 19 0
1 15 0
2 32 3
t 1157 36
m 1 4
0 19 1
1 14 0
2 32 4
t 1156 36
m 0 4
0 19 2
1 15 0
2 33 4
t 1155 36
m 0 3
0 19 1
1 14 0
2 34 4
t 1154 36
m 0 3
0 19 0
1 13 0
2 33 4
t 1153 36
m 0 2
0 18 0
1 12 0
2 33 5
t 1152 36
m 0 2
0 19 0
1 13 0
2 33 6
t 1151 36
m 0 1
0 19 1
1 12 0
2 33 5
t 1150 36
m 0 0
0 19 0
1 13 0
2 33 4
t 1149 43
m 0 0
0 19 1
1 12 0
2 32 4
t 1148 43
m 0 0
0 19 2
1 13 0
2 33 4
t 1147 43
m 0 1
0 19 1
1 12 0
2 32 4
t 1146 43
m 0 1
0 19 0
1 13 0
2 33 4
t 1145 43
m 0 1
0 18 0
1 12 0
2 34 4
t 1144 43
m 0 0
0 17 0
1 13 0
2 34 3
t 1143 43
m 0 0
0 18 0
1 14 0
2 34 4
t 1142 43
m 1 0
0 19 0
1 15 0
2 33 4
t 1141 43
m 1 0
0 19 1
1 14 0
2 32 4
t 1140 43
m 1 0
0 19 2
1 15 0
2 32 3
t 1139 43
m 2 0
0 19 1
1 16 0
2 32 2
t 1138 43
m 3 0
0 19 2
1 17 0
2 31 2
t 1137 43
m 4 0
0 19 1
1 18 0
2 30 2
t 1136 43
m 4 1
0 19 2
1 19 0
2 31 2
t 1135 43
m 4 1
0 19 3
1 19 1
2 32 2
t 1134 43
m 4 1
0 19 2
1 19 0
2 32 3
t 1133 43
m 4 0
0 19 1
1 19 1
2 32 2
t 1132 43
m 4 0
0 19 0
1 19 0
2 31 2
t 1131 43
m 4 0
0 19 1
1 18 0
2 32 2
t 1130 43
m 5 0
0 19 0
1 17 0
2 31 2
t 1129 43
m 5 0
0 20 0
1 18 0
2 32 2
t 1128 43
m 5 0
0 19 0
1 19 0
2 32 3
t 1127 43
m 4 0
0 19 1
1 18 0
2 32 4
t 1126 43
m 4 1
0 19 0
1 17 0
2 33 4
t 1125 43
m 4 0
0 19 1
1 18 0
2 33 5
t 1124 43
m 5 0
0 19 2
1 17 0
2 33 6
t 1123 43
m 5 0
0 19 1
1 18 0
2 33 7
t 1122 43
m 4 0
0 19 0
1 19 0
2 33 6
t 1121 43
m 3 0
0 18 0
1 19 1
2 33 7
t 1120 43
m 3 0
0 17 0
1 19 2
2 33 6
t 1119 43
m 4 0
0 16 0
1 19 3
2 33 7
t 1118 43
m 3 0
0 17 0
1 19 2
2 33 6
t 1117 43
m 3 0
0 16 0
1 19 1
2 33 5
t 1116 43
m 2 0
0 15 0
1 19 0
2 33 4
t 1115 43
m 2 0
0 15 1
1 19 1
2 34 4
t 1114 43
m 3 0
0 15 0
1 19 2
2 34 3
t 1113 43
m 4 0
0 14 0
1 19 3
2 34 4
t 1112 43
m 4 1
0 15 0
1 19 2
2 33 4
t 1111 43
m 4 1
0 15 1
1 19 3
2 33 5
t 1110 43
m 4 1
0 15 0
1 19 4
2 33 4
t 1109 43
m 4 1
0 15 1
1 19 5
2 32 4
t 1108 43
m 4 1
0 15 0
1 18 5
2 32 3
t 1107 43
m 4 2
0 16 0
1 17 5
2 32 4
t 1106 43
m 4 2
0 17 0
1 18 5
2 32 3
t 1105 43
m 4 2
0 18 0
1 18 6
2 32 2
t 1104 43
m 4 1
0 19 0
1 19 6
2 31 2
t 1103 43
m 4 2
0 18 0
1 18 6
2 30 2
t 1102 43
m 4 1
0 19 0
1 18 5
2 31 2
t 1101 43
m 4 1
0 19 1
1 17 5
2 30 2
t 1100 43
m 4 2
0 19 2
1 18 5
2 31 2
t 1099 43
m 4 1
0 19 1
1 17 5
2 30 2
t 1098 43
m 4 1
0 19 2
1 18 5
2 30 1
t 1097 43
m 4 1
0 19 1
1 17 5
2 30 2
t 1096 43
m 4 1
0 19 2
1 16 5
2 31 2
t 1095 43
m 4 1
0 19 3
1 17 5
2 32 2
t 1094 43
m 4 1
0 19 4
1 18 5
2 31 2
t 1093 43
m 4 1
0 19 3
1 19 5
2 32 2
t 1092 43
m 4 2
0 19 4
1 19 6
2 31 2
t 1091 43
m 4 1
0 19 5
1 19 5
2 30 2
t 1090 43
m 4 1
0 19 4
1 19 6
2 30 1
t 1089 43
m 4 1
0 19 3
1 20 6
2 30 2
t 1088 43
m 4 1
0 19 2
1 21 6
2 31 2
t 1087 43
m 4 0
0 19 1
1 22 6
2 30 2
t 1086 43
m 4 0
0 19 2
1 21 6
2 31 2
t 1085 43
m 5 0
0 19 1
1 20 6
2 30 2
t 1084 43
m 4 0
0 19 0
1 19 6
2 30 1
t 1083 43
m 4 0
0 19 1
1 20 6
2 30 0
t 1082 43
m 4 1
0 19 0
1 21 6
2 31 0
t 1081 43
m 4 1
0 20 0
1 20 6
2 30 0
t 1080 43
m 4 0
0 21 0
1 21 6
2 29 0
t 1079 43
m 4 0
0 22 0
1 20 6
2 30 0
t 1078 43
m 4 1
0 22 1
1 19 6
2 30 1
t 1077 43
m 4 0
0 22 0
1 19 5
2 30 0
t 1076 43
m 4 0
0 22 1
1 18 5
2 31 0
t 1075 43
m 5 0
0 23 1
1 19 5
2 30 0
t 1074 43
m 5 0
0 22 1
1 19 6
2 29 0
t 1073 43
m 4 0
0 22 0
1 20 6
2 28 0
t 1072 43
m 4 0
0 21 0
1 19 6
2 28 1
t 1071 43
m 4 0
0 22 0
1 20 6
2 28 0
t 1070 43
m 5 0
0 21 0
1 19 6
2 27 0
t 1069 43
m 6 0
0 22 0
1 19 5
2 28 0
t 1068 43
m 6 0
0 21 0
1 18 5
2 29 0
t 1067 43
m 6 1
0 22 0
1 18 6
2 30 0
t 1066 43
m 6 1
0 22 1
1 18 7
2 29 0
t 1065 43
m 6 2
0 23 1
1 18 6
2 28 0
t 1064 43
m 7 2
0 22 1
1 18 7
2 29 0
t 1063 43
m 7 2
0 23 1
1 18 6
2 28 0
t 1062 43
m 8 2
0 22 1
1 18 5
2 27 0
t 1061 43
m 8 2
0 23 1
1 17 5
2 26 0
t 1060 43
m 8 2
0 22 1
1 16 5
2 26 1
t 1059 43
m 7 2
0 23 1
1 17 5
2 26 2
t 1058 43
m 7 2
0 24 1
1 16 5
2 26 1
t 1057 43
m 6 2
0 23 1
1 15 5
2 25 1
t 1056 43
m 7 2
0 24 1
1 15 4
2 26 1
t 1055 43
m 7 2
0 23 1
1 15 5
2 26 0
t 1054 43
m 6 2
0 24 1
1 16 5
2 26 1
t 1053 43
m 6 1
0 23 1
1 17 5
2 26 2
t 1052 43
m 6 2
0 24 1
1 16 5
2 27 2
t 1051 43
m 6 1
0 23 1
1 17 5
2 26 2
t 1050 43
m 6 1
0 24 1
1 16 5
2 26 1
t 1049 43
m 6 1
0 25 1
1 15 5
2 25 1
t 1048 43
m 6 1
0 26 1
1 15 6
2 24 1
t 1047 43
m 6 2
0 26 0
1 15 5
2 25 1
t 1046 43
m 7 2
0 26 1
1 15 4
2 26 1
t 1045 43
m 8 2
0 25 1
1 15 5
2 26 2
t 1044 43
m 8 2
0 24 1
1 15 4
2 26 1
t 1043 43
m 8 2
0 23 1
1 15 5
2 25 1
t 1042 43
m 8 1
0 24 1
1 15 6
2 26 1
t 1041 43
m 8 2
0 23 1
1 14 6
2 25 1
t 1040 43
m 8 1
0 24 1
1 13 6
2 24 1
t 1039 43
m 9 1
0 25 1
1 12 6
2 23 1
t 1038 43
m 10 1
0 26 1
1 13 6
2 22 1
t 1037 43
m 11 1
0 26 0
1 12 6
2 22 0
t 1036 43
m 10 1
0 27 0
1 12 7
2 21 0
t 1035 43
m 11 1
0 26 0
1 12 8
2 22 0
t 1034 43
m 12 1
0 27 0
1 12 9
2 22 1
t 1033 43
m 12 0
0 28 0
1 12 10
2 23 1
t 1032 43
m 13 0
0 28 1
1 13 10
2 24 1
t 1031 43
m 14 0
0 28 0
1 14 10
2 25 1
t 1030 43
m 15 0
0 27 0
1 13 10
2 24 1
t 1029 43
m 16 0
0 28 0
1 12 10
2 25 1
t 1028 43
m 17 0
0 27 0
1 11 10
2 26 1
t 1027 50
m 16 0
0 26 0
1 10 10
2 26 2
t 1026 50
m 17 0
0 27 0
1 11 10
2 27 2
t 1025 50
m 18 0
0 28 0
1 12 10
2 26 2
t 1024 50
m 19 0
0 29 0
1 13 10
2 26 1
t 1023 50
m 18 0
0 30 0
1 12 10
2 25 1
t 1022 50
m 18 0
0 29 0
1 11 10
2 26 1
t 1021 50
m 18 0
0 30 0
1 10 10
2 25 1
t 1020 50
m 19 0
0 30 1
1 11 10
2 26 1
t 1019 50
m 19 1
0 30 2
1 12 10
2 26 0
t 1018 50
m 19 2
0 30 1
1 13 10
2 27 0
t 1017 50
m 19 3
0 30 0
1 14 10
2 28 0
t 1016 50
m 19 4
0 30 1
1 15 10
2 27 0
t 1015 50
m 19 5
0 30 0
1 14 10
2 26 0
t 1014 60
m 19 6
0 31 0
1 13 10
2 26 1
t 1013 66
m 18 6
0 32 0
1 13 11
2 25 1
t 1012 66
m 18 6
0 33 0
1 13 12
2 26 1
t 1011 66
m 18 5
0 32 0
1 14 12
2 26 2
f 0 9
t 1010 66
m 18 5
0 33 0
1 15 12
2 27 2
t 1009 66
m 19 5
0 32 0
1 15 13
2 26 2
t 1008 66
m 19 6
0 31 0
1 15 12
2 27 2
t 1007 66
m 18 6
0 30 0
1 14 12
2 26 2
t 1006 66
m 18 6
0 30 1
1 13 12
2 26 1
t 1005 66
m 18 7
0 30 0
1 14 12
2 26 0
t 1004 66
m 18 6
0 30 1
1 15 12
2 27 0
t 1003 66
m 18 6
0 30 2
1 14 12
2 26 0
t 1002 66
m 18 6
0 30 1
1 13 12
2 26 1
t 1001 66
m 18 6
0 30 2
1 13 11
2 26 2
t 1000 66
m 18 6
0 30 1
1 13 10
2 27 2
t 999 66
m 18 6
0 30 0
1 14 10
2 26 2
t 998 66
m 18 6
0 30 1
1 15 10
2 27 2
t 997 66
m 18 7
0 30 0
1 16 10
2 26 2
t 996 66
m 18 6
0 30 1
1 16 11
2 27 2
t 995 66
m 18 7
0 30 2
1 16 10
2 28 2
t 994 66
m 18 7
0 31 2
1 16 9
2 28 1
t 993 66
m 18 7
0 32 2
1 16 10
2 28 2
t 992 66
m 18 6
0 32 3
1 16 9
2 28 1
t 991 66
m 18 5
0 32 4
1 16 10
2 28 0
t 990 66
m 17 5
0 33 4
1 16 11
2 27 0
t 989 66
m 16 5
0 33 5
1 16 10
2 28 0
t 988 66
m 16 6
0 33 6
1 16 11
2 29 0
t 987 66
m 15 6
0 33 7
1 16 10
2 28 0
t 986 73
m 14 6
0 33 6
1 16 9
2 28 1
t 985 73
m 13 6
0 33 7
1 16 10
2 28 0
t 984 73
m 13 6
0 33 8
1 16 11
2 27 0
t 983 73
m 12 6
0 33 9
1 16 10
2 28 0
t 982 73
m 13 6
0 34 9
1 16 11
2 27 0
t 981 73
m 12 6
0 34 10
1 16 10
2 28 0
t 980 73
m 12 6
0 34 9
1 16 11
2 27 0
t 979 73
m 12 7
0 33 9
1 16 10
2 26 0
t 978 73
m 12 6
0 33 8
1 16 9
2 26 1
t 977 73
m 12 7
0 33 7
1 16 8
2 26 2
t 976 73
m 12 7
0 33 6
1 16 7
2 26 1
t 975 73
m 12 7
0 33 7
1 16 6
2 26 0
t 974 73
m 12 6
0 33 6
1 16 5
2 27 0
t 973 73
m 13 6
0 33 7
1 15 5
2 26 0
t 972 73
m 13 6
0 33 6
1 15 6
2 27 0
t 971 73
m 12 6
0 33 7
1 14 6
2 28 0
t 970 73
m 12 7
0 33 8
1 13 6
2 29 0
t 969 73
m 12 8
0 33 7
1 14 6
2 30 0
t 968 73
m 12 7
0 33 6
1 15 6
2 29 0
t 967 73
m 12 6
0 33 5
1 16 6
2 30 0
t 966 73
m 12 7
0 33 4
1 16 7
2 30 1
t 965 73
m 12 7
0 34 4
1 16 8
2 30 2
t 964 73
m 12 7
0 33 4
1 16 7
2 31 2
t 963 73
m 12 8
0 32 4
1 16 6
2 32 2
t 962 73
m 12 7
0 32 3
1 16 5
2 31 2
t 961 73
m 12 8
0 32 4
1 17 5
2 30 2
t 960 73
m 12 9
0 32 3
1 18 5
2 31 2
t 959 73
m 12 10
0 32 4
1 17 5
2 30 2
t 958 73
m 11 10
0 33 4
1 18 5
2 31 2
t 957 73
m 11 10
0 34 4
1 19 5
2 30 2
t 956 73
m 10 10
0 33 4
1 19 4
2 31 2
t 955 73
m 10 10
0 34 4
1 19 5
2 30 2
t 954 73
m 10 10
0 33 4
1 18 5
2 31 2
t 953 73
m 10 10
0 34 4
1 17 5
2 32 2
t 952 73
m 9 10
0 34 3
1 16 5
2 31 2
t 951 73
m 9 10
0 34 2
1 15 5
2 30 2
t 950 73
m 8 10
0 34 1
1 15 6
2 30 1
t 949 73
m 9 10
0 34 0
1 15 5
2 30 0
t 948 73
m 10 10
0 34 1
1 15 4
2 29 0
t 947 73
m 9 10
0 34 2
1 15 5
2 30 0
t 946 73
m 10 10
0 34 1
1 15 6
2 29 0
t 945 73
m 9 10
0 34 0
1 15 5
2 30 0
t 944 73
m 10 10
0 33 0
1 15 4
2 31 0
t 943 73
m 11 10
0 32 0
1 15 5
2 30 0
t 942 73
m 10 10
0 33 0
1 16 5
2 31 0
t 941 73
m 9 10
0 32 0
1 16 6
2 32 0
t 940 73
m 8 10
0 33 0
1 15 6
2 33 0
t 939 73
m 8 10
0 34 0
1 14 6
2 32 0
t 938 73
m 9 10
0 34 1
1 15 6
2 31 0
t 937 73
m 10 10
0 34 2
1 15 5
2 32 0
t 936 73
m 11 10
0 34 1
1 16 5
2 33 0
t 935 73
m 12 10
0 34 2
1 15 5
2 34 0
t 934 73
m 11 10
0 34 3
1 15 4
2 34 1
t 933 73
m 10 10
0 34 2
1 15 5
2 34 2
t 932 73
m 9 10
0 34 3
1 16 5
2 34 1
t 931 73
m 9 10
0 34 2
1 17 5
2 34 0
t 930 73
m 9 10
0 34 3
1 16 5
2 33 0
t 929 73
m 10 10
0 34 2
1 17 5
2 32 0
t 928 73
m 9 10
0 34 3
1 18 5
2 33 0
t 927 73
m 8 10
0 34 2
1 17 5
2 32 0
t 926 73
m 7 10
0 34 3
1 18 5
2 31 0
t 925 73
m 8 10
0 34 2
1 18 6
2 30 0
t 924 73
m 7 10
0 34 3
1 18 7
2 30 1
t 923 73
m 7 11
0 34 2
1 18 8
2 30 2
t 922 73
m 7 10
0 34 3
1 18 7
2 30 1
t 921 73
m 7 11
0 34 4
1 18 6
2 30 2
t 920 73
m 7 10
0 33 4
1 18 5
2 30 1
t 919 73
m 8 10
0 33 5
1 19 5
2 30 0
t 918 73
m 7 10
0 33 4
1 18 5
2 30 1
t 917 73
m 8 10
0 34 4
1 19 5
2 30 2
t 916 73
m 8 10
0 34 3
1 19 6
2 30 1
t 915 73
m 8 10
0 34 4
1 20 6
2 30 2
t 914 73
m 8 10
0 33 4
1 19 6
2 30 1
t 913 73
m 9 10
0 34 4
1 20 6
2 30 2
t 912 73
m 10 10
0 33 4
1 19 6
2 30 1
t 911 73
m 10 10
0 32 4
1 19 5
2 30 0
t 910 73
m 9 10
0 33 4
1 18 5
2 31 0
t 909 73
m 9 10
0 33 5
1 17 5
2 32 0
t 908 73
m 9 10
0 33 6
1 18 5
2 33 0
t 907 73
m 8 10
0 33 7
1 17 5
2 32 0
t 906 73
m 7 10
0 33 8
1 18 5
2 31 0
t 905 73
m 8 10
0 33 7
1 19 5
2 30 0
t 904 73
m 7 10
0 33 8
1 19 4
2 31 0
t 903 73
m 7 11
0 33 7
1 19 3
2 32 0
t 902 73
m 7 10
0 33 8
1 19 4
2 33 0
t 901 73
m 7 11
0 33 7
1 19 5
2 34 0
t 900 73
m 7 12
0 33 6
1 18 5
2 33 0
t 899 73
m 7 12
0 33 5
1 19 5
2 34 0
t 898 73
m 7 13
0 33 6
1 19 6
2 34 1
t 897 73
m 6 13
0 33 5
1 18 6
2 34 2
t 896 73
m 7 13
0 33 6
1 18 5
2 34 3
t 895 73
m 7 13
0 33 7
1 17 5
2 34 4
t 894 73
m 7 12
0 33 8
1 18 5
2 34 3
t 893 73
m 7 12
0 33 9
1 18 6
2 34 2
t 892 73
m 7 12
0 34 9
1 19 6
2 34 1
t 891 73
m 7 12
0 33 9
1 18 6
2 34 2
t 890 73
m 7 13
0 32 9
1 18 7
2 34 3
t 889 73
m 7 13
0 32 10
1 18 6
2 34 4
t 888 73
m 6 13
0 32 9
1 19 6
2 34 3
t 887 73
m 6 13
0 33 9
1 20 6
2 34 2
t 886 73
m 7 13
0 34 9
1 21 6
2 34 3
t 885 73
m 6 13
0 34 10
1 20 6
2 34 4
t 884 73
m 6 13
0 34 9
1 21 6
2 34 3
t 883 73
m 5 13
0 34 10
1 20 6
2 34 2
t 882 73
m 6 13
0 34 11
1 19 6
2 34 3
t 881 73
m 7 13
0 34 12
1 20 6
2 34 4
t 880 73
m 7 12
0 34 11
1 19 6
2 34 3
t 879 73
m 7 12
0 34 12
1 19 5
2 34 2
t 878 73
m 7 12
0 34 13
1 19 4
2 34 3
t 877 73
m 7 11
0 34 12
1 19 3
2 34 2
t 876 73
m 7 12
0 34 13
1 19 2
2 34 3
t 875 73
m 7 12
0 34 14
1 19 3
2 34 2
t 874 73
m 7 11
0 34 15
1 19 2
2 34 1
t 873 73
m 7 11
0 34 14
1 19 1
2 34 2
t 872 73
m 7 12
0 33 14
1 19 0
2 34 1
t 871 73
m 7 13
0 34 14
1 19 1
2 34 0
t 870 73
m 7 13
0 34 13
1 19 0
2 34 1
t 869 73
m 7 12
0 34 14
1 19 1
2 34 2
t 868 73
m 7 13
0 34 15
1 19 0
2 34 3
t 867 73
m 7 12
0 34 14
1 19 1
2 34 2
t 866 73
m 7 13
0 33 14
1 19 0
2 34 1
t 865 73
m 7 12
0 32 14
1 20 0
2 34 2
t 864 73
m 7 12
0 33 14
1 19 0
2 34 1
t 863 73
m 7 11
0 34 14
1 19 1
2 34 2
t 862 73
m 7 12
0 34 15
1 19 2
2 34 3
t 861 73
m 7 11
0 34 16
1 19 1
2 34 4
t 860 73
m 7 12
0 34 17
1 19 0
2 34 3
t 859 73
m 7 13
0 34 16
1 20 0
2 34 4
t 858 73
m 6 13
0 34 15
1 19 0
2 34 3
t 857 73
m 6 13
0 34 14
1 19 1
2 34 4
t 856 73
m 7 13
0 34 15
1 19 0
2 34 3
t 855 73
m 6 13
0 34 16
1 19 1
2 34 2
t 854 73
m 6 13
0 34 15
1 19 0
2 34 1
t 853 73
m 6 13
0 34 16
1 18 0
2 34 0
t 852 73
m 7 13
0 34 15
1 19 0
2 33 0
t 851 73
m 7 13
0 34 14
1 20 0
2 34 0
t 850 73
m 6 13
0 34 15
1 19 0
2 33 0
t 849 73
m 7 13
0 34 14
1 19 1
2 34 0
t 848 73
m 6 13
0 33 14
1 19 0
2 34 1
t 847 73
m 6 13
0 32 14
1 18 0
2 34 2
t 846 73
m 6 13
0 33 14
1 19 0
2 34 1
t 845 73
m 5 13
0 34 14
1 20 0
2 34 0
t 844 73
m 6 13
0 34 15
1 19 0
2 34 1
t 843 73
m 6 13
0 34 16
1 19 1
2 34 2
t 842 73
m 6 13
0 34 17
1 19 0
2 34 3
t 841 73
m 7 13
0 34 16
1 20 0
2 34 2
t 840 73
m 6 13
0 34 15
1 21 0
2 34 1
t 839 73
m 7 13
0 34 14
1 20 0
2 34 0
t 838 73
m 6 13
0 34 15
1 21 0
2 33 0
t 837 73
m 7 13
0 34 14
1 20 0
2 32 0
t 836 73
m 7 12
0 34 15
1 21 0
2 33 0
t 835 73
m 7 13
0 34 14
1 22 0
2 32 0
t 834 73
m 7 13
0 33 14
1 22 1
2 33 0
t 833 73
m 6 13
0 34 14
1 23 1
2 34 0
t 832 73
m 7 13
0 33 14
1 24 1
2 34 1
t 831 73
m 6 13
0 32 14
1 25 1
2 34 2
t 830 73
m 7 13
0 33 14
1 24 1
2 34 1
t 829 73
m 6 13
0 32 14
1 25 1
2 34 2
t 828 73
m 5 13
0 31 14
1 26 1
2 34 1
t 827 73
m 6 13
0 32 14
1 26 0
2 34 0
t 826 73
m 7 13
0 31 14
1 26 1
2 34 1
t 825 73
m 7 13
0 30 14
1 26 0
2 34 2
t 824 73
m 7 12
0 30 13
1 26 1
2 34 3
t 823 73
m 7 11
0 30 14
1 25 1
2 34 2
t 822 73
m 7 12
0 30 13
1 24 1
2 34 3
t 821 73
m 7 13
0 29 13
1 23 1
2 34 4
t 820 73
m 7 13
0 28 13
1 22 1
2 33 4
t 819 73
m 7 13
0 29 13
1 22 0
2 32 4
t 818 73
m 7 13
0 28 13
1 21 0
2 32 3
t 817 73
m 7 13
0 29 13
1 20 0
2 32 2
t 816 73
m 7 13
0 30 13
1 21 0
2 31 2
t 815 73
m 7 12
0 30 12
1 22 0
2 30 2
t 814 73
m 7 13
0 30 13
1 22 1
2 30 1
t 813 73
m 7 12
0 30 12
1 23 1
2 30 0
t 812 73
m 7 13
0 31 12
1 24 1
2 30 1
t 811 73
m 7 13
0 30 12
1 23 1
2 30 2
t 810 73
m 7 13
0 31 12
1 24 1
2 30 1
t 809 73
m 7 12
0 32 12
1 25 1
2 30 0
t 808 73
m 7 13
0 31 12
1 26 1
2 29 0
t 807 73
m 7 12
0 30 12
1 26 0
2 28 0
t 806 73
m 7 12
0 31 12
1 27 0
2 29 0
t 805 73
m 7 11
0 32 12
1 28 0
2 30 0
t 804 73
m 7 11
0 32 11
1 29 0
2 30 1
t 803 73
m 7 12
0 32 10
1 28 0
2 30 0
t 802 73
m 7 12
0 32 9
1 28 1
2 30 1
t 801 73
m 7 12
0 33 9
1 28 0
2 30 0
t 800 73
m 7 12
0 34 9
1 29 0
2 29 0
t 799 73
m 7 12
0 33 9
1 30 0
2 28 0
t 798 73
m 7 13
0 32 9
1 31 0
2 28 1
t 797 73
m 7 12
0 32 10
1 32 0
2 28 2
t 796 73
m 7 13
0 32 11
1 33 0
2 28 1
t 795 73
m 7 13
0 32 12
1 32 0
2 28 2
t 794 73
m 6 13
0 31 12
1 33 0
2 27 2
t 793 73
m 5 13
0 30 12
1 34 0
2 26 2
t 792 73
m 5 13
0 30 13
1 33 0
2 27 2
t 791 73
m 4 13
0 29 13
1 34 0
2 28 2
t 790 73
m 4 13
0 28 13
1 34 1
2 27 2
t 789 73
m 4 12
0 27 13
1 34 0
2 26 2
t 788 73
m 4 12
0 27 12
1 34 1
2 27 2
t 787 73
m 4 12
0 27 13
1 34 2
2 26 2
t 786 73
m 3 12
0 27 12
1 34 1
2 26 1
t 785 73
m 2 12
0 27 11
1 34 0
2 25 1
t 784 73
m 2 12
0 27 12
1 33 0
2 24 1
t 783 73
m 3 12
0 27 13
1 32 0
2 23 1
t 782 73
m 2 12
0 27 12
1 31 0
2 22 1
t 781 73
m 3 12
0 27 11
1 32 0
2 23 1
t 780 73
m 2 12
0 27 10
1 33 0
2 22 1
t 779 73
m 2 12
0 26 10
1 32 0
2 22 0
t 778 73
m 2 12
0 25 10
1 31 0
2 21 0
t 777 73
m 2 11
0 24 10
1 30 0
2 22 0
t 776 73
m 2 12
0 25 10
1 29 0
2 21 0
t 775 73
m 2 11
0 26 10
1 30 0
2 22 0
t 774 73
m 2 10
0 27 10
1 29 0
2 22 1
t 773 73
m 2 10
0 26 10
1 28 0
2 23 1
t 772 73
m 2 9
0 25 10
1 28 1
2 22 1
t 771 73
m 2 9
0 26 10
1 28 0
2 22 0
t 770 73
m 2 10
0 27 10
1 29 0
2 22 1
t 769 73
m 2 9
0 27 11
1 30 0
2 22 0
t 768 73
m 2 9
0 27 10
1 30 1
2 21 0
t 767 73
m 1 9
0 26 10
1 30 2
2 22 0
t 766 73
m 0 9
0 25 10
1 31 2
2 22 1
t 765 83
m 0 10
0 24 10
1 32 2
2 23 1
t 764 83
m 0 11
0 23 10
1 31 2
2 22 1
t 763 83
m 0 10
0 24 10
1 32 2
2 23 1
t 762 83
m 0 10
0 25 10
1 32 3
2 24 1
t 761 83
m 0 11
0 26 10
1 32 2
2 25 1
t 760 83
m 0 11
0 27 10
1 31 2
2 26 1
t 759 83
m 0 11
0 26 10
1 30 2
2 26 0
t 758 83
m 0 10
0 25 10
1 30 1
2 27 0
t 757 83
m 0 10
0 24 10
1 30 0
2 26 0
t 756 83
m 0 9
0 23 10
1 31 0
2 27 0
t 755 83
m 0 10
0 24 10
1 30 0
2 28 0
t 754 83
m 0 10
0 25 10
1 29 0
2 27 0
t 753 83
m 0 11
0 26 10
1 28 0
2 26 0
t 752 83
m 0 12
0 25 10
1 28 1
2 27 0
t 751 83
m 0 13
0 26 10
1 28 0
2 26 0
t 750 83
m 0 14
0 25 10
1 29 0
2 27 0
t 749 83
m 0 15
0 26 10
1 30 0
2 28 0
t 748 83
m 0 16
0 27 10
1 29 0
2 27 0
f 6 19
t 747 83
m 0 17
0 26 10
1 30 0
2 28 0
t 746 83
m 0 18
0 27 10
1 31 0
2 29 0
t 745 83
m 0 18
0 27 11
1 30 0
2 28 0
t 744 83
m 0 19
0 27 12
1 30 1
2 28 1
t 743 83
m 0 18
0 27 11
1 30 2
2 28 2
t 742 83
m 0 18
0 27 10
1 31 2
2 27 2
t 741 83
m 0 18
0 26 10
1 30 2
2 28 2
t 740 83
m 0 18
0 27 10
1 30 1
2 27 2
t 739 83
m 0 19
0 26 10
1 30 0
2 26 2
t 738 83
m 0 18
0 25 10
1 31 0
2 26 1
t 737 83
m 0 18
0 26 10
1 32 0
2 26 0
t 736 83
m 0 17
0 25 10
1 33 0
2 27 0
t 735 83
m 0 18
0 26 10
1 32 0
2 28 0
t 734 83
m 0 17
0 25 10
1 31 0
2 28 1
t 733 83
m 0 18
0 26 10
1 30 0
2 28 0
t 732 83
m 0 17
0 27 10
1 30 1
2 28 1
t 731 83
m 0 16
0 27 11
1 30 0
2 28 0
t 730 83
m 1 16
0 27 10
1 30 1
2 27 0
t 729 83
m 0 16
0 27 11
1 30 0
2 26 0
t 728 83
m 0 16
0 27 10
1 31 0
2 26 1
t 727 83
m 0 15
0 26 10
1 32 0
2 26 2
t 726 83
m 0 16
0 27 10
1 33 0
2 27 2
t 725 83
m 0 16
0 26 10
1 34 0
2 26 2
t 724 83
m 0 17
0 27 10
1 34 1
2 26 1
t 723 83
m 0 17
0 27 11
1 34 0
2 26 2
t 722 83
m 0 18
0 27 10
1 33 0
2 26 1
t 721 83
m 0 18
0 27 11
1 34 0
2 26 2
t 720 83
m 0 17
0 27 10
1 33 0
2 27 2
t 719 83
m 0 16
0 27 11
1 32 0
2 26 2
t 718 83
m 1 16
0 27 12
1 33 0
2 26 1
t 717 83
m 2 16
0 27 13
1 34 0
2 26 0
t 716 83
m 2 16
0 27 12
1 33 0
2 27 0
t 715 83
m 1 16
0 27 13
1 32 0
2 26 0
t 714 83
m 1 16
0 28 13
1 31 0
2 27 0
t 713 83
m 2 16
0 29 13
1 32 0
2 26 0
t 712 83
m 1 16
0 28 13
1 31 0
2 27 0
t 711 83
m 0 16
0 27 13
1 30 0
2 26 0
t 710 83
m 0 15
0 28 13
1 30 1
2 26 1
t 709 83
m 0 14
0 27 13
1 30 0
2 26 2
t 708 83
m 1 14
0 28 13
1 30 1
2 27 2
t 707 83
m 0 14
0 27 13
1 30 0
2 26 2
t 706 83
m 1 14
0 28 13
1 31 0
2 26 1
t 705 83
m 2 14
0 29 13
1 30 0
2 25 1
t 704 83
m 2 14
0 28 13
1 29 0
2 24 1
t 703 83
m 3 14
0 27 13
1 28 0
2 25 1
t 702 83
m 4 14
0 28 13
1 29 0
2 24 1
t 701 83
m 4 14
0 27 13
1 28 0
2 23 1
t 700 83
m 4 14
0 28 13
1 27 0
2 22 1
t 699 83
m 3 14
0 27 13
1 26 0
2 23 1
t 698 83
m 2 14
0 27 12
1 26 1
2 22 1
t 697 83
m 2 14
0 27 11
1 25 1
2 23 1
t 696 83
m 2 14
0 27 10
1 24 1
2 22 1
t 695 83
m 3 14
0 27 11
1 23 1
2 23 1
t 694 83
m 3 14
0 27 12
1 24 1
2 22 1
t 693 83
m 3 15
0 27 13
1 25 1
2 23 1
t 692 83
m 3 16
0 28 13
1 24 1
2 22 1
t 691 83
m 4 16
0 27 13
1 23 1
2 23 1
t 690 83
m 4 17
0 28 13
1 22 1
2 22 1
t 689 83
m 4 18
0 27 13
1 23 1
2 23 1
t 688 83
m 4 18
0 27 12
1 24 1
2 22 1
t 687 83
m 4 18
0 27 13
1 23 1
2 22 0
t 686 83
m 4 17
0 28 13
1 24 1
2 22 1
t 685 83
m 5 17
0 29 13
1 23 1
2 22 0
t 684 83
m 5 17
0 30 13
1 22 1
2 22 1
t 683 83
m 4 17
0 30 12
1 23 1
2 22 0
t 682 83
m 4 16
0 30 13
1 24 1
2 22 1
t 681 83
m 4 17
0 30 14
1 23 1
2 23 1
t 680 83
m 4 17
0 31 14
1 22 1
2 24 1
t 679 83
m 5 17
0 30 14
1 23 1
2 25 1
t 678 83
m 6 17
0 31 14
1 22 1
2 24 1
t 677 83
m 5 17
0 31 15
1 22 0
2 23 1
t 676 83
m 5 17
0 31 16
1 22 1
2 24 1
t 675 83
m 5 17
0 30 16
1 22 0
2 23 1
t 674 83
m 5 17
0 31 16
1 21 0
2 22 1
t 673 83
m 5 17
0 32 16
1 22 0
2 23 1
t 672 83
m 5 17
0 31 16
1 22 1
2 24 1
t 671 83
m 5 17
0 30 16
1 22 0
2 25 1
t 670 83
m 6 17
0 31 16
1 22 1
2 26 1
t 669 83
m 7 17
0 30 16
1 22 0
2 26 0
t 668 83
m 7 17
0 30 17
1 21 0
2 26 1
t 667 83
m 8 17
0 29 17
1 22 0
2 26 0
t 666 83
m 9 17
0 30 17
1 22 1
2 27 0
t 665 90
m 8 17
0 30 18
1 23 1
2 28 0
t 664 90
m 7 17
0 30 19
1 24 1
2 27 0
t 663 90
m 7 18
0 30 18
1 25 1
2 26 0
t 662 90
m 7 18
0 30 19
1 26 1
2 27 0
t 661 90
m 7 17
0 31 19
1 26 0
2 28 0
t 660 90
m 6 17
0 32 19
1 26 1
2 28 1
t 659 90
m 6 17
0 31 19
1 25 1
2 28 2
t 658 90
m 6 17
0 32 19
1 24 1
2 28 1
t 657 90
m 6 17
0 31 19
1 23 1
2 28 0
t 656 90
m 6 17
0 30 19
1 24 1
2 29 0
t 655 90
m 6 17
0 29 19
1 25 1
2 28 0
t 654 90
m 6 17
0 28 19
1 26 1
2 28 1
t 653 90
m 6 17
0 27 19
1 26 2
2 28 2
t 652 90
m 6 17
0 27 18
1 27 2
2 27 2
t 651 90
m 6 17
0 27 17
1 28 2
2 28 2
t 650 90
m 7 17
0 28 17
1 27 2
2 27 2
t 649 90
m 7 18
0 29 17
1 28 2
2 28 2
t 648 90
m 7 19
0 28 17
1 28 1
2 28 1
t 647 90
m 6 19
0 27 17
1 28 2
2 28 0
f 9 18
t 646 100
m 7 19
0 27 18
1 27 2
2 28 1
t 645 100
m 8 19
0 27 19
1 26 2
2 28 0
t 644 100
m 8 19
0 26 19
1 26 1
2 28 1
t 643 100
m 8 19
0 25 19
1 25 1
2 28 0
t 642 100
m 9 19
0 26 19
1 26 1
2 27 0
t 641 100
m 9 18
0 27 19
1 26 2
2 28 0
t 640 110
m 9 19
0 27 18
1 27 2
2 28 1
t 639 110
m 9 18
0 27 17
1 26 2
2 28 0
t 638 110
m 9 19
0 28 17
1 26 1
2 29 0
t 637 110
m 9 18
0 27 17
1 25 1
2 28 0
t 636 110
m 9 18
0 26 17
1 24 1
2 29 0
t 635 110
m 9 19
0 27 17
1 23 1
2 28 0
f 17 16
t 634 110
m 9 19
0 28 17
1 22 1
2 29 0
t 633 110
m 10 19
0 27 17
1 22 0
2 30 0
t 632 110
m 11 19
0 26 17
1 21 0
2 31 0
t 631 110
m 12 19
0 27 17
1 22 0
2 32 0
t 630 110
m 12 19
0 26 17
1 22 1
2 31 0
t 629 110
m 12 19
0 27 17
1 23 1
2 30 0
t 628 110
m 13 19
0 27 18
1 24 1
2 29 0
t 627 110
m 13 19
0 27 17
1 23 1
2 30 0
t 626 110
m 13 19
0 26 17
1 22 1
2 29 0
t 625 110
m 13 19
0 25 17
1 22 0
2 30 0
t 624 110
m 12 19
0 25 18
1 22 1
2 30 1
t 623 110
m 13 19
0 25 17
1 22 0
2 30 2
t 622 110
m 14 19
0 26 17
1 22 1
2 30 1
t 621 110
m 14 19
0 25 17
1 23 1
2 30 0
t 620 110
m 15 19
0 25 18
1 22 1
2 29 0
t 619 110
m 15 18
0 25 17
1 22 0
2 28 0
t 618 110
m 15 17
0 25 18
1 21 0
2 28 1
t 617 110
m 15 16
0 25 17
1 20 0
2 28 2
t 616 110
m 16 16
0 26 17
1 19 0
2 28 1
t 615 110
m 17 16
0 27 17
1 18 0
2 28 0
t 614 120
m 18 16
0 28 17
1 17 0
2 29 0
t 613 120
m 19 16
0 27 17
1 16 0
2 30 0
t 612 120
m 19 15
0 27 18
1 17 0
2 29 0
t 611 120
m 19 14
0 27 19
1 18 0
2 28 0
t 610 120
m 19 14
0 27 18
1 17 0
2 29 0
t 609 120
m 19 13
0 27 17
1 16 0
2 28 0
t 608 120
m 19 13
0 27 18
1 15 0
2 27 0
f 29 17
t 607 120
m 19 12
0 27 17
1 16 0
2 26 0
t 606 120
m 19 13
0 28 17
1 15 0
2 26 1
t 605 120
m 19 13
0 29 17
1 14 0
2 26 0
t 604 120
m 19 13
0 28 17
1 15 0
2 27 0
t 603 120
m 19 12
0 29 17
1 14 0
2 26 0
t 602 120
m 19 13
0 30 17
1 15 0
2 27 0
t 601 120
m 19 13
0 29 17
1 14 0
2 28 0
t 600 120
m 19 13
0 28 17
1 15 0
2 29 0
t 599 120
m 19 12
0 27 17
1 16 0
2 28 0
t 598 120
m 20 12
0 28 17
1 15 0
2 29 0
t 597 120
m 19 12
0 29 17
1 15 1
2 30 0
t 596 120
m 20 12
0 28 17
1 15 0
2 30 1
t 595 120
m 21 12
0 29 17
1 14 0
2 30 0
t 594 120
m 21 11
0 30 17
1 13 0
2 30 1
t 593 120
m 21 12
0 30 18
1 12 0
2 30 0
t 592 120
m 21 11
0 30 19
1 12 1
2 30 1
t 591 120
m 21 11
0 30 18
1 11 1
2 30 2
t 590 120
m 21 12
0 30 17
1 12 1
2 31 2
t 589 120
m 21 13
0 29 17
1 11 1
2 32 2
t 588 126
m 21 12
0 28 17
1 12 1
2 31 2
t 587 126
m 21 13
0 27 17
1 11 1
2 30 2
t 586 126
m 21 14
0 27 18
1 12 1
2 31 2
t 585 126
m 21 15
0 27 19
1 11 1
2 30 2
t 584 126
m 21 15
0 27 18
1 10 1
2 30 1
t 583 126
m 21 16
0 27 19
1 9 1
2 30 0
t 582 126
m 21 17
0 27 18
1 8 1
2 30 1
t 581 126
m 21 18
0 27 19
1 9 1
2 30 2
t 580 126
m 21 19
0 28 19
1 8 1
2 31 2
t 579 126
m 22 19
0 27 19
1 9 1
2 30 2
t 578 126
m 23 19
0 28 19
1 10 1
2 31 2
t 577 126
m 24 19
0 27 19
1 11 1
2 32 2
t 576 133
m 23 19
0 28 19
1 10 1
2 31 2
t 575 133
m 24 19
0 27 19
1 11 1
2 30 2
t 574 133
m 24 19
0 27 18
1 10 1
2 31 2
t 573 133
m 25 19
0 27 19
1 11 1
2 30 2
t 572 133
m 25 18
0 28 19
1 10 1
2 30 1
t 571 133
m 25 17
0 29 19
1 9 1
2 30 0
t 570 133
m 25 17
0 28 19
1 10 1
2 31 0
t 569 133
m 26 17
0 27 19
1 9 1
2 30 0
t 568 133
m 27 17
0 26 19
1 8 1
2 31 0
t 567 133
m 28 17
0 27 19
1 9 1
2 32 0
t 566 133
m 29 17
0 27 18
1 8 1
2 31 0
t 565 143
m 30 17
0 27 19
1 8 0
2 30 0
t 564 143
m 30 18
0 26 19
1 8 1
2 29 0
t 563 143
m 30 19
0 25 19
1 9 1
2 28 0
t 562 150
m 29 19
0 25 18
1 10 1
2 29 0
t 561 150
m 28 19
0 25 17
1 11 1
2 28 0
t 560 150
m 27 19
0 26 17
1 10 1
2 29 0
f 34 14
t 559 156
m 28 19
0 25 17
1 9 1
2 30 0
t 558 156
m 29 19
0 26 17
1 8 1
2 30 1
t 557 156
m 30 19
0 25 17
1 8 2
2 30 0
t 556 156
m 31 19
0 25 18
1 8 1
2 29 0
t 555 156
m 31 19
0 25 19
1 8 2
2 28 0
t 554 156
m 32 19
0 26 19
1 8 1
2 27 0
t 553 156
m 33 19
0 27 19
1 9 1
2 28 0
t 552 156
m 34 19
0 28 19
1 8 1
2 28 1
t 551 156
m 34 18
0 27 19
1 8 0
2 28 2
t 550 156
m 34 17
0 26 19
1 7 0
2 28 1
t 549 156
m 34 16
0 27 19
1 8 0
2 28 2
t 548 163
m 34 15
0 26 19
1 8 1
2 27 2
t 547 163
m 34 15
0 27 19
1 8 2
2 26 2
t 546 163
m 34 15
0 28 19
1 8 1
2 27 2
t 545 163
m 34 14
0 29 19
1 8 2
2 28 2
t 544 173
m 34 15
0 30 19
1 8 1
2 27 2
t 543 173
m 34 15
0 31 19
1 8 0
2 28 2
t 542 173
m 34 14
0 32 19
1 8 1
2 27 2
t 541 173
m 34 14
0 31 19
1 8 0
2 28 2
f 34 9
t 540 173
m 34 13
0 32 19
1 7 0
2 27 2
t 539 173
m 34 12
0 33 19
1 6 0
2 26 2
t 538 173
m 34 11
0 32 19
1 6 1
2 26 1
t 537 173
m 34 10
0 31 19
1 6 2
2 26 2
t 536 173
m 34 9
0 30 19
1 6 1
2 27 2
t 535 183
m 34 9
0 30 18
1 6 0
2 28 2
t 534 183
m 34 9
0 30 17
1 6 1
2 27 2
t 533 183
m 34 10
0 29 17
1 6 0
2 26 2
t 532 183
m 34 9
0 30 17
1 7 0
2 27 2
t 531 183
m 33 9
0 30 16
1 6 0
2 26 2
t 530 183
m 33 9
0 31 16
1 5 0
2 26 1
t 529 183
m 34 9
0 31 15
1 6 0
2 26 2
t 528 183
m 33 9
0 31 14
1 6 1
2 27 2
t 527 183
m 33 8
0 32 14
1 6 2
2 26 2
t 526 183
m 33 8
0 31 14
1 6 1
2 26 1
t 525 183
m 33 7
0 32 14
1 6 0
2 26 2
t 524 183
m 33 6
0 31 14
1 6 1
2 27 2
t 523 183
m 33 5
0 30 14
1 6 0
2 26 2
t 522 183
m 33 5
0 31 14
1 7 0
2 26 1
t 521 183
m 33 5
0 31 15
1 8 0
2 26 2
t 520 183
m 33 5
0 31 14
1 8 1
2 26 1
t 519 183
m 33 4
0 31 15
1 8 0
2 25 1
t 518 227
