35
20
m 0 19
0 34 0
1 34 0
2 34 0
w 0 5
w 0 6
w 0 7
w 0 8
w 1 1
w 1 2
w 1 3
w 1 10
w 1 11
w 1 12
w 1 13
w 1 15
w 1 17
w 1 18
w 2 1
w 2 5
w 2 6
w 2 7
w 2 8
w 2 13
w 2 15
w 2 17
w 2 18
w 3 1
w 3 3
w 3 4
w 3 5
w 3 6
w 3 7
w 3 8
w 3 9
w 3 10
w 3 11
w 3 13
w 3 17
w 3 18
w 4 3
w 4 4
w 4 5
w 4 6
w 4 7
w 4 8
w 4 9
w 4 10
w 4 11
w 4 15
w 5 1
w 5 2
w 5 3
w 5 4
w 5 5
w 5 6
w 5 7
w 5 8
w 5 9
w 5 10
w 5 11
w 5 12
w 5 14
w 5 15
w 5 16
w 5 18
w 6 3
w 6 4
w 6 5
w 6 6
w 6 7
w 6 8
w 6 9
w 6 10
w 6 11
w 6 12
w 6 14
w 6 15
w 6 16
w 6 18
w 7 1
w 7 3
w 7 4
w 7 5
w 7 6
w 7 7
w 7 8
w 7 9
w 7 14
w 7 15
w 7 16
w 8 3
w 8 4
w 8 5
w 8 6
w 8 7
w 8 8
w 8 9
w 8 11
w 8 12
w 8 13
w 8 14
w 8 15
w 8 16
w 8 18
w 9 0
w 9 2
w 9 3
w 9 4
w 9 5
w 9 6
w 9 7
w 9 8
w 9 9
w 9 11
w 9 12
w 9 13
w 9 14
w 9 15
w 9 16
w 10 0
w 10 2
w 10 3
w 10 4
w 10 5
w 10 6
w 10 7
w 10 8
w 10 9
w 10 11
w 10 12
w 10 13
w 10 14
w 10 15
w 10 16
w 10 17
w 10 18
w 11 0
w 11 2
w 11 3
w 11 4
w 11 5
w 11 6
w 11 7
w 11 8
w 11 9
w 11 11
w 11 12
w 11 13
w 11 14
w 11 15
w 11 16
w 11 17
w 11 18
w 12 2
w 12 3
w 12 4
w 12 5
w 12 11
w 12 12
w 12 13
w 12 14
w 12 15
w 12 16
w 12 17
w 12 18
w 13 1
w 13 2
w 13 3
w 13 4
w 13 5
w 13 7
w 13 8
w 13 9
w 14 1
w 14 2
w 14 3
w 14 4
w 14 5
w 14 7
w 14 8
w 14 9
w 14 11
w 14 13
w 14 14
w 14 15
w 14 16
w 14 17
w 14 18
w 15 7
w 15 8
w 15 9
w 15 11
w 16 1
w 16 2
w 16 3
w 16 4
w 16 13
w 16 14
w 16 15
w 16 17
w 16 18
w 16 19
w 17 1
w 17 2
w 17 3
w 17 4
w 17 6
w 17 7
w 17 8
w 17 9
w 17 10
w 17 11
w 17 13
w 17 14
w 17 15
w 17 17
w 17 18
w 17 19
w 18 1
w 18 2
w 18 3
w 18 4
w 18 13
w 18 14
w 18 15
w 18 17
w 18 18
w 18 19
w 19 7
w 19 8
w 19 9
w 19 11
w 20 1
w 20 2
w 20 3
w 20 4
w 20 5
w 20 7
w 20 8
w 20 9
w 20 11
w 20 13
w 20 14
w 20 15
w 20 16
w 20 17
w 20 18
w 21 1
w 21 2
w 21 3
w 21 4
w 21 5
w 21 7
w 21 8
w 21 9
w 22 2
w 22 3
w 22 4
w 22 5
w 22 11
w 22 12
w 22 13
w 22 14
w 22 15
w 22 16
w 22 17
w 22 18
w 23 0
w 23 2
w 23 3
w 23 4
w 23 5
w 23 6
w 23 7
w 23 8
w 23 9
w 23 11
w 23 12
w 23 13
w 23 14
w 23 15
w 23 16
w 23 17
w 23 18
w 24 0
w 24 2
w 24 3
w 24 4
w 24 5
w 24 6
w 24 7
w 24 8
w 24 9
w 24 11
w 24 12
w 24 13
w 24 14
w 24 15
w 24 16
w 24 17
w 24 18
w 25 0
w 25 2
w 25 3
w 25 4
w 25 5
w 25 6
w 25 7
w 25 8
w 25 9
w 25 11
w 25 12
w 25 13
w 25 14
w 25 15
w 25 16
w 26 3
w 26 4
w 26 5
w 26 6
w 26 7
w 26 8
w 26 9
w 26 11
w 26 12
w 26 13
w 26 14
w 26 15
w 26 16
w 26 18
w 27 1
w 27 3
w 27 4
w 27 5
w 27 6
w 27 7
w 27 8
w 27 9
w 27 14
w 27 15
w 27 16
w 28 3
w 28 4
w 28 5
w 28 6
w 28 7
w 28 8
w 28 9
w 28 10
w 28 11
w 28 12
w 28 14
w 28 15
w 28 16
w 28 18
w 29 1
w 29 2
w 29 3
w 29 4
w 29 5
w 29 6
w 29 7
w 29 8
w 29 9
w 29 10
w 29 11
w 29 12
w 29 14
w 29 15
w 29 16
w 29 18
w 30 3
w 30 4
w 30 5
w 30 6
w 30 7
w 30 8
w 30 9
w 30 10
w 30 11
w 30 15
w 31 1
w 31 3
w 31 4
w 31 5
w 31 6
w 31 7
w 31 8
w 31 9
w 31 10
w 31 11
w 31 13
w 31 17
w 31 18
w 32 1
w 32 5
w 32 6
w 32 7
w 32 8
w 32 13
w 32 15
w 32 17
w 32 18
w 33 1
w 33 2
w 33 3
w 33 10
w 33 11
w 33 12
w 33 13
w 33 15
w 33 17
w 33 18
w 34 5
w 34 6
w 34 7
w 34 8
p 0 0
p 21 13
p 17 0
p 34 16
p 1 8
p 19 6
p 24 19
p 30 19
p 6 13
p 15 6
p 27 19
p 9 17
p 3 15
p 13 11
p 33 4
t 1400 0
m 1 19
0 34 1
1 34 1
2 33 0
t 1399 0
m 1 19
0 34 0
1 34 2
2 32 0
t 1398 0
m 1 19
0 34 1
1 34 1
2 33 0
t 1397 0
m 2 19
0 34 2
1 34 2
2 32 0
t 1396 0
m 2 19
0 34 1
1 34 3
2 31 0
t 1395 0
m 3 19
0 34 0
1 34 2
2 30 0
t 1394 0
m 3 19
0 34 1
1 34 3
2 29 0
t 1393 0
m 4 19
0 34 2
1 34 4
2 28 0
t 1392 0
m 4 18
0 34 3
1 34 3
2 28 1
t 1391 0
m 4 17
0 34 2
1 34 2
2 28 0
t 1390 0
m 4 16
0 34 1
1 34 1
2 29 0
t 1389 0
m 3 16
0 34 0
1 34 2
2 28 0
t 1388 0
m 3 15
0 33 0
1 34 1
2 29 0
f 19 3
t 1387 6
m 3 14
0 32 0
1 34 2
2 28 0
t 1386 6
m 3 14
0 31 0
1 34 1
2 28 1
t 1385 6
m 4 14
0 32 0
1 34 0
2 28 2
t 1384 6
m 4 13
0 31 0
1 34 1
2 28 1
t 1383 6
m 5 13
0 30 0
1 34 2
2 28 2
t 1382 6
m 6 13
0 31 0
1 34 3
2 27 2
t 1381 13
m 5 13
0 30 0
1 34 4
2 28 2
t 1380 13
m 6 13
0 31 0
1 33 4
2 27 2
t 1379 13
m 7 13
0 30 0
1 32 4
2 28 2
t 1378 13
m 7 12
0 29 0
1 33 4
2 28 1
t 1377 13
m 7 12
0 28 0
1 34 4
2 28 2
t 1376 13
m 7 11
0 27 0
1 33 4
2 28 1
t 1375 13
m 7 10
0 26 0
1 34 4
2 28 0
t 1374 13
m 7 10
0 26 1
1 34 3
2 27 0
t 1373 13
m 7 10
0 26 2
1 34 2
2 26 0
t 1372 13
m 7 10
0 26 1
1 34 1
2 27 0
t 1371 13
m 7 11
0 25 1
1 34 0
2 26 0
t 1370 13
m 7 12
0 26 1
1 33 0
2 27 0
t 1369 13
m 7 13
0 25 1
1 32 0
2 26 0
t 1368 13
m 7 12
0 26 1
1 33 0
2 27 0
t 1367 13
m 7 11
0 26 2
1 32 0
2 28 0
t 1366 13
m 7 11
0 27 2
1 33 0
2 28 1
t 1365 13
m 7 11
0 28 2
1 34 0
2 28 0
t 1364 13
m 7 12
0 27 2
1 34 1
2 29 0
t 1363 13
m 7 11
0 26 2
1 34 0
2 28 0
t 1362 13
m 7 10
0 27 2
1 34 1
2 27 0
t 1361 13
m 7 10
0 26 2
1 34 2
2 26 0
t 1360 13
m 7 11
0 26 1
1 34 3
2 27 0
t 1359 13
m 7 11
0 26 0
1 34 4
2 28 0
t 1358 13
m 7 12
0 27 0
1 33 4
2 28 1
t 1357 13
m 7 11
0 26 0
1 34 4
2 28 2
t 1356 13
m 7 10
0 26 1
1 34 3
2 28 1
t 1355 13
m 8 10
0 26 2
1 34 2
2 28 2
t 1354 13
m 9 10
0 26 1
1 34 3
2 27 2
t 1353 13
m 8 10
0 26 2
1 34 2
2 26 2
t 1352 13
m 9 10
0 26 1
1 34 1
2 26 1
t 1351 13
m 10 10
0 25 1
1 34 0
2 25 1
t 1350 13
m 11 10
0 24 1
1 33 0
2 26 1
t 1349 13
m 11 10
0 25 1
1 34 0
2 26 2
t 1348 13
m 10 10
0 26 1
1 33 0
2 26 1
t 1347 13
m 11 10
0 26 0
1 32 0
2 25 1
t 1346 13
m 10 10
0 26 1
1 31 0
2 26 1
t 1345 13
m 10 10
0 25 1
1 30 0
2 25 1
t 1344 13
m 11 10
0 26 1
1 31 0
2 26 1
t 1343 13
m 12 10
0 26 2
1 30 0
2 25 1
t 1342 13
m 13 10
0 26 1
1 29 0
2 26 1
t 1341 13
m 13 11
0 26 0
1 30 0
2 25 1
t 1340 20
m 13 11
0 26 1
1 30 1
2 26 1
t 1339 20
m 13 10
0 25 1
1 30 2
2 26 2
t 1338 20
m 13 11
0 26 1
1 30 1
2 26 1
t 1337 20
m 13 11
0 26 2
1 30 2
2 26 2
t 1336 20
m 13 10
0 27 2
1 31 2
2 27 2
t 1335 20
m 13 11
0 28 2
1 32 2
2 26 2
t 1334 20
m 13 11
0 28 1
1 31 2
2 27 2
t 1333 20
m 13 11
0 28 2
1 30 2
2 26 2
t 1332 20
m 13 10
0 28 1
1 30 1
2 26 1
t 1331 20
m 13 10
0 28 2
1 30 2
2 26 0
t 1330 20
m 14 10
0 28 1
1 31 2
2 27 0
t 1329 20
m 14 10
0 28 2
1 32 2
2 26 0
t 1328 20
m 15 10
0 27 2
1 31 2
2 26 1
t 1327 20
m 16 10
0 26 2
1 32 2
2 25 1
t 1326 20
m 16 9
0 27 2
1 31 2
2 26 1
t 1325 20
m 16 8
0 28 2
1 30 2
2 26 2
t 1324 20
m 16 7
0 27 2
1 31 2
2 27 2
t 1323 20
m 16 6
0 26 2
1 32 2
2 28 2
t 1322 20
m 15 6
0 27 2
1 32 3
2 27 2
t 1321 26
m 16 6
0 28 2
1 32 4
2 28 2
t 1320 26
m 16 6
0 28 1
1 32 3
2 27 2
t 1319 26
m 16 6
0 28 2
1 32 4
2 28 2
t 1318 26
m 16 5
0 27 2
1 32 3
2 27 2
t 1317 26
m 16 6
0 28 2
1 32 2
2 28 2
t 1316 26
m 16 7
0 28 1
1 31 2
2 27 2
t 1315 26
m 16 6
0 28 2
1 30 2
2 28 2
t 1314 26
m 16 5
0 28 1
1 30 1
2 28 1
t 1313 26
m 17 5
0 28 0
1 30 2
2 28 0
t 1312 26
m 18 5
0 27 0
1 30 1
2 28 1
t 1311 26
m 19 5
0 28 0
1 30 0
2 28 0
t 1310 26
m 19 6
0 29 0
1 31 0
2 29 0
t 1309 33
m 19 5
0 28 0
1 30 0
2 28 0
t 1308 33
m 19 4
0 27 0
1 29 0
2 29 0
t 1307 33
m 19 3
0 28 0
1 28 0
2 28 0
t 1306 43
m 19 4
0 27 0
1 28 1
2 28 1
t 1305 43
m 19 3
0 26 0
1 28 0
2 28 2
t 1304 43
m 19 3
0 26 1
1 28 1
2 28 1
t 1303 43
m 19 2
0 26 0
1 28 0
2 28 2
t 1302 43
m 19 1
0 27 0
1 27 0
2 27 2
t 1301 43
m 19 0
0 26 0
1 28 0
2 26 2
t 1300 43
m 18 0
0 27 0
1 28 1
2 26 1
t 1299 43
m 17 0
0 26 0
1 28 0
2 25 1
t 1298 50
m 16 0
0 27 0
1 28 1
2 26 1
t 1297 50
m 15 0
0 28 0
1 28 0
2 26 2
t 1296 50
m 14 0
0 27 0
1 29 0
2 26 1
f 0 2
t 1295 50
m 13 0
0 26 0
1 28 0
2 26 0
t 1294 50
m 12 0
0 27 0
1 28 1
2 27 0
t 1293 50
m 12 1
0 28 0
1 28 0
2 28 0
t 1292 50
m 11 1
0 27 0
1 29 0
2 27 0
t 1291 50
m 10 1
0 26 0
1 28 0
2 28 0
t 1290 50
m 9 1
0 26 1
1 29 0
2 27 0
t 1289 50
m 8 1
0 26 2
1 28 0
2 26 0
t 1288 50
m 8 1
0 26 1
1 28 1
2 27 0
t 1287 50
m 8 1
0 25 1
1 28 0
2 26 0
t 1286 50
m 8 0
0 26 1
1 28 1
2 26 1
t 1285 50
m 7 0
0 25 1
1 28 2
2 26 0
t 1284 50
m 6 0
0 26 1
1 28 1
2 26 1
t 1283 50
m 6 0
0 25 1
1 28 0
2 26 2
t 1282 50
m 6 0
0 24 1
1 27 0
2 26 1
t 1281 50
m 5 0
0 23 1
1 28 0
2 25 1
t 1280 50
m 5 0
0 22 1
1 27 0
2 24 1
t 1279 50
m 4 0
0 23 1
1 28 0
2 23 1
t 1278 50
m 3 0
0 22 1
1 28 1
2 24 1
t 1277 50
m 2 0
0 22 0
1 28 2
2 23 1
t 1276 50
m 1 0
0 22 1
1 27 2
2 24 1
t 1275 50
m 0 0
0 22 0
1 28 2
2 25 1
t 1274 56
m 0 1
0 22 1
1 28 1
2 26 1
t 1273 56
m 0 2
0 23 1
1 28 0
2 25 1
t 1272 66
m 0 2
0 22 1
1 27 0
2 24 1
t 1271 66
m 0 3
0 23 1
1 26 0
2 25 1
t 1270 66
m 0 4
0 22 1
1 27 0
2 26 1
t 1269 66
m 1 4
0 22 0
1 28 0
2 25 1
f 32 14
t 1268 66
m 1 4
0 21 0
1 27 0
2 24 1
t 1267 66
m 1 5
0 20 0
1 26 0
2 25 1
t 1266 66
m 1 5
0 19 0
1 27 0
2 26 1
t 1265 66
m 1 6
0 20 0
1 26 0
2 26 2
t 1264 66
m 1 7
0 21 0
1 26 1
2 27 2
t 1263 66
m 1 8
0 20 0
1 26 0
2 28 2
t 1262 73
m 1 9
0 21 0
1 27 0
2 28 1
t 1261 73
m 2 9
0 20 0
1 26 0
2 28 2
t 1260 73
m 2 10
0 19 0
1 27 0
2 28 1
t 1259 73
m 2 11
0 20 0
1 28 0
2 28 0
t 1258 73
m 2 11
0 21 0
1 27 0
2 27 0
t 1257 73
m 2 12
0 22 0
1 26 0
2 28 0
t 1256 73
m 2 12
0 21 0
1 26 1
2 28 1
t 1255 73
m 2 12
0 22 0
1 25 1
2 28 2
t 1254 73
m 2 11
0 21 0
1 26 1
2 27 2
t 1253 73
m 2 10
0 20 0
1 25 1
2 26 2
t 1252 73
m 2 11
0 19 0
1 26 1
2 26 1
t 1251 73
m 2 12
0 18 0
1 25 1
2 26 2
t 1250 73
m 2 12
0 17 0
1 26 1
2 26 1
t 1249 73
m 3 12
0 18 0
1 25 1
2 25 1
t 1248 73
m 3 12
0 19 0
1 24 1
2 24 1
t 1247 73
m 3 12
0 18 0
1 25 1
2 25 1
t 1246 73
m 2 12
0 19 0
1 24 1
2 26 1
t 1245 73
m 2 12
0 19 1
1 25 1
2 26 2
t 1244 73
m 2 12
0 19 2
1 24 1
2 26 1
t 1243 73
m 3 12
0 19 1
1 25 1
2 26 2
t 1242 73
m 3 12
0 19 2
1 24 1
2 26 1
t 1241 73
m 3 12
0 19 3
1 23 1
2 26 0
t 1240 73
m 2 12
0 19 2
1 22 1
2 27 0
t 1239 73
m 3 12
0 19 1
1 23 1
2 26 0
t 1238 73
m 4 12
0 19 0
1 24 1
2 26 1
t 1237 73
m 4 12
0 18 0
1 23 1
2 26 0
t 1236 73
m 4 13
0 19 0
1 24 1
2 27 0
t 1235 73
m 4 14
0 19 1
1 25 1
2 26 0
t 1234 73
m 4 14
0 19 2
1 24 1
2 26 1
t 1233 73
m 3 14
0 19 3
1 25 1
2 26 2
t 1232 73
m 3 15
0 19 4
1 26 1
2 26 1
t 1231 73
m 3 16
0 19 3
1 26 2
2 26 2
t 1230 73
m 2 16
0 19 4
1 26 1
2 26 1
t 1229 73
m 1 16
0 19 5
1 25 1
2 26 0
t 1228 73
m 1 16
0 18 5
1 26 1
2 27 0
t 1227 73
m 1 16
0 17 5
1 25 1
2 28 0
t 1226 73
m 1 16
0 18 5
1 24 1
2 27 0
t 1225 73
m 1 16
0 19 5
1 23 1
2 28 0
t 1224 73
m 1 16
0 18 5
1 22 1
2 27 0
t 1223 73
m 2 16
0 19 5
1 22 0
2 28 0
t 1222 73
m 3 16
0 18 5
1 21 0
2 29 0
t 1221 73
m 2 16
0 18 6
1 20 0
2 28 0
t 1220 73
m 3 16
0 18 7
1 19 0
2 29 0
t 1219 73
m 3 16
0 18 6
1 19 1
2 30 0
t 1218 73
m 4 16
0 18 7
1 19 0
2 31 0
t 1217 73
m 4 16
0 18 6
1 18 0
2 30 0
t 1216 73
m 4 17
0 19 6
1 19 0
2 30 1
t 1215 73
m 4 17
0 18 6
1 18 0
2 30 0
t 1214 73
m 4 17
0 18 5
1 17 0
2 30 1
t 1213 73
m 5 17
0 18 6
1 18 0
2 30 2
t 1212 73
m 6 17
0 18 5
1 19 0
2 30 1
t 1211 73
m 7 17
0 17 5
1 19 1
2 30 2
t 1210 73
m 8 17
0 16 5
1 19 0
2 31 2
t 1209 73
m 9 17
0 15 5
1 18 0
2 30 2
t 1208 80
m 9 18
0 16 5
1 19 0
2 31 2
t 1207 80
m 9 19
0 15 5
1 20 0
2 32 2
t 1206 80
m 10 19
0 16 5
1 19 0
2 31 2
t 1205 80
m 9 19
0 16 6
1 18 0
2 32 2
t 1204 80
m 10 19
0 16 5
1 19 0
2 32 3
t 1203 80
m 11 19
0 16 6
1 19 1
2 32 4
t 1202 80
m 10 19
0 15 6
1 19 2
2 33 4
t 1201 80
m 10 19
0 15 5
1 19 3
2 32 4
t 1200 80
m 11 19
0 15 6
1 19 4
2 32 3
t 1199 80
m 12 19
0 14 6
1 19 5
2 32 2
t 1198 80
m 13 19
0 15 6
1 18 5
2 31 2
t 1197 80
m 12 19
0 16 6
1 19 5
2 32 2
t 1196 80
m 11 19
0 16 7
1 18 5
2 31 2
t 1195 80
m 12 19
0 16 8
1 17 5
2 30 2
t 1194 80
m 12 19
0 16 7
1 16 5
2 30 1
t 1193 80
m 13 19
0 16 6
1 17 5
2 30 0
t 1192 80
m 14 19
0 15 6
1 16 5
2 30 1
t 1191 80
m 15 19
0 15 5
1 17 5
2 30 0
t 1190 80
m 15 19
0 15 4
1 18 5
2 30 1
t 1189 80
m 15 19
0 15 5
1 19 5
2 30 2
t 1188 80
m 15 19
0 16 5
1 19 6
2 30 1
t 1187 80
m 15 19
0 17 5
1 20 6
2 30 2
t 1186 80
m 15 19
0 18 5
1 19 6
2 31 2
t 1185 80
m 15 19
0 17 5
1 20 6
2 32 2
t 1184 80
m 14 19
0 18 5
1 21 6
2 31 2
t 1183 80
m 15 19
0 18 6
1 20 6
2 30 2
t 1182 80
m 15 19
0 19 6
1 19 6
2 30 1
t 1181 80
m 15 19
0 20 6
1 19 5
2 30 0
t 1180 80
m 15 19
0 19 6
1 18 5
2 31 0
t 1179 80
m 14 19
0 18 6
1 18 6
2 30 0
t 1178 80
m 15 19
0 18 7
1 18 7
2 29 0
t 1177 80
m 15 19
0 18 6
1 18 6
2 30 0
t 1176 80
m 15 19
0 18 5
1 18 5
2 30 1
t 1175 80
m 15 19
0 17 5
1 18 6
2 30 0
t 1174 80
m 14 19
0 18 5
1 18 7
2 29 0
t 1173 80
m 13 19
0 17 5
1 18 8
2 30 0
t 1172 80
m 14 19
0 18 5
1 18 7
2 30 1
t 1171 80
m 14 19
0 17 5
1 18 6
2 30 0
t 1170 80
m 14 19
0 16 5
1 18 5
2 30 1
t 1169 80
m 15 19
0 16 6
1 18 6
2 30 0
t 1168 80
m 15 19
0 16 7
1 18 5
2 31 0
t 1167 80
m 15 19
0 16 8
1 17 5
2 32 0
t 1166 80
m 15 19
0 16 7
1 18 5
2 33 0
t 1165 80
m 15 19
0 16 8
1 18 6
2 32 0
t 1164 80
m 15 19
0 16 9
1 19 6
2 31 0
t 1163 80
m 14 19
0 16 8
1 18 6
2 30 0
t 1162 80
m 15 19
0 16 9
1 19 6
2 31 0
t 1161 80
m 15 19
0 16 8
1 19 5
2 30 0
t 1160 80
m 14 19
0 16 7
1 19 4
2 29 0
t 1159 80
m 13 19
0 16 6
1 19 3
2 30 0
t 1158 80
m 13 19
0 16 7
1 19 2
2 29 0
t 1157 80
m 14 19
0 16 6
1 19 3
2 28 0
t 1156 80
m 14 19
0 16 7
1 19 2
2 27 0
t 1155 80
m 15 19
0 16 6
1 19 1
2 28 0
t 1154 80
m 15 19
0 16 5
1 19 2
2 29 0
t 1153 80
m 15 19
0 17 5
1 19 1
2 30 0
t 1152 80
m 14 19
0 18 5
1 19 2
2 31 0
t 1151 80
m 14 19
0 17 5
1 19 1
2 30 0
t 1150 80
m 15 19
0 16 5
1 19 2
2 31 0
t 1149 80
m 14 19
0 15 5
1 19 3
2 30 0
t 1148 80
m 14 19
0 15 6
1 19 2
2 31 0
t 1147 80
m 15 19
0 16 6
1 19 3
2 30 0
t 1146 80
m 14 19
0 16 7
1 19 4
2 29 0
t 1145 80
m 15 19
0 16 6
1 19 5
2 30 0
t 1144 80
m 15 19
0 16 7
1 18 5
2 31 0
t 1143 80
m 14 19
0 16 6
1 17 5
2 30 0
t 1142 80
m 15 19
0 15 6
1 16 5
2 30 1
t 1141 80
m 14 19
0 15 5
1 16 6
2 30 0
t 1140 80
m 13 19
0 16 5
1 15 6
2 29 0
t 1139 80
m 12 19
0 15 5
1 16 6
2 28 0
t 1138 80
m 11 19
0 15 4
1 15 6
2 29 0
t 1137 80
m 11 19
0 15 5
1 15 5
2 30 0
t 1136 80
m 11 19
0 15 6
1 15 4
2 29 0
t 1135 80
m 11 19
0 14 6
1 15 5
2 28 0
t 1134 80
m 11 19
0 13 6
1 15 4
2 29 0
t 1133 80
m 11 19
0 14 6
1 15 5
2 30 0
t 1132 80
m 11 19
0 15 6
1 15 4
2 31 0
t 1131 80
m 12 19
0 14 6
1 15 5
2 30 0
t 1130 80
m 13 19
0 15 6
1 15 4
2 31 0
t 1129 80
m 13 19
0 14 6
1 15 3
2 30 0
t 1128 80
m 13 19
0 15 6
1 15 2
2 30 1
t 1127 80
m 13 19
0 16 6
1 15 1
2 30 2
t 1126 80
m 14 19
0 16 5
1 15 0
2 30 1
t 1125 80
m 14 19
0 17 5
1 16 0
2 30 2
t 1124 80
m 14 19
0 18 5
1 17 0
2 31 2
t 1123 80
m 15 19
0 18 6
1 18 0
2 30 2
t 1122 80
m 14 19
0 18 5
1 17 0
2 31 2
t 1121 80
m 15 19
0 17 5
1 18 0
2 32 2
t 1120 80
m 14 19
0 18 5
1 19 0
2 31 2
t 1119 80
m 14 19
0 18 6
1 18 0
2 32 2
t 1118 80
m 15 19
0 18 7
1 19 0
2 32 3
t 1117 80
m 14 19
0 18 8
1 19 1
2 32 4
t 1116 80
m 15 19
0 18 7
1 19 0
2 32 3
t 1115 80
m 15 19
0 18 8
1 19 1
2 32 2
t 1114 80
m 14 19
0 18 9
1 19 0
2 31 2
t 1113 80
m 14 19
0 18 10
1 19 1
2 30 2
t 1112 80
m 15 19
0 19 10
1 19 0
2 30 1
t 1111 80
m 15 19
0 20 10
1 18 0
2 30 0
t 1110 80
m 15 19
0 19 10
1 17 0
2 29 0
t 1109 80
m 15 19
0 20 10
1 16 0
2 28 0
t 1108 80
m 15 19
0 21 10
1 17 0
2 28 1
t 1107 80
m 15 19
0 22 10
1 16 0
2 28 0
t 1106 80
m 14 19
0 21 10
1 15 0
2 29 0
t 1105 80
m 14 19
0 22 10
1 14 0
2 28 0
t 1104 80
m 15 19
0 23 10
1 15 0
2 29 0
t 1103 80
m 15 19
0 24 10
1 16 0
2 28 0
t 1102 80
m 15 19
0 25 10
1 17 0
2 29 0
t 1101 80
m 15 18
0 26 10
1 16 0
2 28 0
t 1100 80
m 15 19
0 25 10
1 17 0
2 29 0
t 1099 80
m 15 19
0 26 10
1 16 0
2 28 0
t 1098 80
m 15 19
0 27 10
1 15 0
2 27 0
t 1097 80
m 14 19
0 26 10
1 16 0
2 26 0
t 1096 80
m 13 19
0 25 10
1 17 0
2 27 0
t 1095 80
m 13 19
0 26 10
1 16 0
2 26 0
t 1094 80
m 14 19
0 25 10
1 17 0
2 27 0
t 1093 80
m 15 19
0 26 10
1 18 0
2 26 0
t 1092 80
m 15 19
0 27 10
1 17 0
2 27 0
t 1091 80
m 15 19
0 27 11
1 18 0
2 28 0
t 1090 80
m 15 19
0 27 12
1 19 0
2 29 0
t 1089 80
m 14 19
0 27 11
1 20 0
2 28 0
t 1088 80
m 15 19
0 27 12
1 21 0
2 27 0
t 1087 80
m 15 18
0 27 13
1 20 0
2 28 0
t 1086 80
m 15 19
0 27 12
1 19 0
2 27 0
t 1085 80
m 15 19
0 27 13
1 18 0
2 26 0
t 1084 80
m 14 19
0 27 12
1 19 0
2 26 1
t 1083 80
m 14 19
0 27 13
1 19 1
2 26 2
t 1082 80
m 15 19
0 28 13
1 19 0
2 27 2
t 1081 80
m 14 19
0 29 13
1 20 0
2 26 2
t 1080 80
m 15 19
0 28 13
1 19 0
2 27 2
t 1079 80
m 14 19
0 29 13
1 19 1
2 28 2
t 1078 80
m 14 19
0 30 13
1 19 0
2 28 1
t 1077 80
m 15 19
0 30 14
1 20 0
2 28 2
t 1076 80
m 14 19
0 30 13
1 21 0
2 28 1
t 1075 80
m 13 19
0 29 13
1 20 0
2 28 2
t 1074 80
m 13 19
0 28 13
1 19 0
2 27 2
t 1073 80
m 14 19
0 29 13
1 19 1
2 26 2
t 1072 80
m 14 19
0 30 13
1 19 2
2 26 1
t 1071 80
m 13 19
0 29 13
1 19 1
2 25 1
t 1070 80
m 14 19
0 30 13
1 19 0
2 24 1
t 1069 80
m 15 19
0 30 14
1 20 0
2 25 1
t 1068 80
m 15 19
0 30 13
1 19 0
2 26 1
t 1067 80
m 14 19
0 29 13
1 18 0
2 26 2
t 1066 80
m 15 19
0 30 13
1 17 0
2 27 2
t 1065 80
m 14 19
0 30 12
1 16 0
2 28 2
t 1064 80
m 15 19
0 30 13
1 17 0
2 27 2
t 1063 80
m 15 19
0 29 13
1 18 0
2 26 2
t 1062 80
m 14 19
0 28 13
1 17 0
2 26 1
t 1061 80
m 13 19
0 29 13
1 16 0
2 25 1
t 1060 80
m 13 19
0 28 13
1 15 0
2 24 1
t 1059 80
m 13 19
0 29 13
1 15 1
2 23 1
t 1058 80
m 14 19
0 30 13
1 15 2
2 24 1
t 1057 80
m 15 19
0 30 14
1 15 1
2 25 1
t 1056 80
m 15 19
0 31 14
1 15 2
2 26 1
t 1055 80
m 15 19
0 32 14
1 15 1
2 25 1
t 1054 80
m 14 19
0 33 14
1 15 0
2 24 1
t 1053 80
m 14 19
0 32 14
1 14 0
2 25 1
t 1052 80
m 15 19
0 31 14
1 15 0
2 24 1
t 1051 80
m 14 19
0 30 14
1 14 0
2 23 1
t 1050 80
m 15 19
0 31 14
1 13 0
2 24 1
t 1049 80
m 15 18
0 32 14
1 14 0
2 25 1
t 1048 80
m 15 18
0 31 14
1 15 0
2 24 1
t 1047 80
m 15 17
0 31 15
1 16 0
2 23 1
t 1046 80
m 15 16
0 31 16
1 15 0
2 24 1
t 1045 80
m 15 15
0 31 15
1 15 1
2 23 1
t 1044 80
m 15 15
0 31 16
1 15 0
2 24 1
t 1043 80
m 15 14
0 30 16
1 16 0
2 23 1
t 1042 80
m 15 14
0 31 16
1 17 0
2 22 1
t 1041 80
m 15 14
0 31 15
1 16 0
2 23 1
t 1040 80
m 15 13
0 31 16
1 15 0
2 24 1
t 1039 80
m 15 13
0 31 15
1 16 0
2 25 1
t 1038 80
m 15 14
0 31 16
1 15 0
2 26 1
t 1037 80
m 15 13
0 30 16
1 14 0
2 26 2
t 1036 80
m 15 14
0 31 16
1 13 0
2 27 2
t 1035 80
m 15 13
0 32 16
1 12 0
2 26 2
t 1034 80
m 15 14
0 31 16
1 12 1
2 26 1
t 1033 80
m 15 15
0 32 16
1 12 0
2 26 2
t 1032 80
m 15 14
0 33 16
1 13 0
2 26 1
t 1031 80
m 15 13
0 34 16
1 14 0
2 25 1
t 1030 80
m 15 14
0 33 16
1 13 0
2 24 1
t 1029 80
m 15 13
0 32 16
1 12 0
2 25 1
t 1028 80
m 15 14
0 31 16
1 13 0
2 24 1
t 1027 80
m 15 13
0 30 16
1 14 0
2 23 1
t 1026 80
m 15 13
0 31 16
1 15 0
2 24 1
t 1025 80
m 15 14
0 32 16
1 15 1
2 25 1
t 1024 80
m 15 13
0 33 16
1 15 2
2 26 1
t 1023 80
m 15 14
0 34 16
1 15 1
2 26 2
t 1022 80
m 15 15
0 34 17
1 15 0
2 26 1
t 1021 80
m 15 15
0 34 18
1 14 0
2 26 2
t 1020 80
m 15 15
0 34 17
1 15 0
2 26 1
t 1019 80
m 15 14
0 34 18
1 16 0
2 26 0
t 1018 80
m 15 15
0 34 17
1 17 0
2 26 1
t 1017 80
m 15 14
0 34 18
1 18 0
2 26 0
t 1016 80
m 15 13
0 34 17
1 19 0
2 26 1
t 1015 80
m 15 14
0 34 16
1 18 0
2 25 1
t 1014 80
m 15 14
0 33 16
1 19 0
2 24 1
t 1013 80
m 15 15
0 32 16
1 20 0
2 23 1
t 1012 80
m 15 14
0 31 16
1 19 0
2 22 1
t 1011 80
m 15 13
0 30 16
1 19 1
2 22 0
t 1010 80
m 15 14
0 31 16
1 19 2
2 22 1
t 1009 80
m 15 14
0 31 15
1 19 1
2 22 0
t 1008 80
m 15 14
0 31 14
1 19 2
2 21 0
t 1007 80
m 15 15
0 31 15
1 19 1
2 20 0
t 1006 80
m 15 14
0 31 16
1 19 2
2 19 0
t 1005 80
m 15 13
0 31 15
1 19 3
2 18 0
t 1004 80
m 15 13
0 31 16
1 19 4
2 17 0
t 1003 80
m 15 14
0 31 15
1 19 5
2 18 0
t 1002 80
m 15 14
0 31 14
1 19 6
2 17 0
t 1001 80
m 15 13
0 32 14
1 19 5
2 16 0
t 1000 80
m 15 13
0 33 14
1 19 4
2 15 0
t 999 80
m 15 13
0 34 14
1 19 3
2 14 0
t 998 80
m 15 13
0 34 13
1 19 4
2 15 0
t 997 80
m 15 13
0 34 12
1 19 3
2 15 1
t 996 80
m 15 13
0 34 13
1 19 2
2 15 2
t 995 80
m 15 13
0 34 14
1 19 3
2 15 3
t 994 80
m 15 14
0 34 13
1 19 2
2 15 2
t 993 80
m 15 14
0 34 14
1 19 3
2 15 1
t 992 80
m 15 15
0 34 15
1 19 2
2 15 0
t 991 80
m 15 15
0 34 14
1 19 1
2 16 0
t 990 80
m 15 14
0 34 15
1 19 2
2 17 0
t 989 80
m 15 14
0 34 16
1 19 1
2 16 0
t 988 80
m 15 14
0 33 16
1 19 0
2 17 0
t 987 80
m 15 15
0 32 16
1 19 1
2 18 0
t 986 80
m 15 14
0 33 16
1 19 2
2 17 0
t 985 80
m 15 15
0 32 16
1 19 1
2 16 0
t 984 80
m 15 14
0 31 16
1 19 0
2 17 0
t 983 80
m 15 14
0 32 16
1 19 1
2 16 0
t 982 80
m 15 15
0 31 16
1 19 2
2 17 0
t 981 80
m 15 14
0 32 16
1 19 3
2 16 0
t 980 80
m 15 13
0 31 16
1 19 4
2 17 0
t 979 80
m 15 14
0 30 16
1 19 3
2 18 0
t 978 80
m 15 13
0 31 16
1 19 4
2 19 0
t 977 80
m 15 14
0 31 15
1 19 5
2 19 1
t 976 80
m 15 14
0 31 14
1 19 6
2 19 2
t 975 80
m 15 13
0 31 15
1 19 5
2 19 1
t 974 80
m 15 13
0 31 14
1 19 6
2 19 0
t 973 80
m 15 14
0 31 15
1 19 5
2 20 0
t 972 80
m 15 13
0 31 16
1 18 5
2 21 0
t 971 80
m 15 13
0 30 16
1 18 6
2 22 0
t 970 80
m 15 14
0 31 16
1 18 7
2 21 0
t 969 80
m 15 13
0 31 15
1 18 6
2 22 0
t 968 80
m 15 14
0 31 16
1 18 7
2 21 0
t 967 80
m 15 15
0 32 16
1 18 6
2 20 0
t 966 80
m 15 14
0 31 16
1 19 6
2 21 0
t 965 80
m 15 14
0 32 16
1 20 6
2 20 0
t 964 80
m 15 14
0 33 16
1 19 6
2 21 0
t 963 80
m 15 14
0 32 16
1 20 6
2 20 0
t 962 80
m 15 13
0 31 16
1 19 6
2 19 0
t 961 80
m 15 14
0 31 15
1 20 6
2 18 0
t 960 80
m 15 13
0 31 16
1 21 6
2 19 0
t 959 80
m 15 14
0 31 15
1 22 6
2 18 0
t 958 80
m 15 13
0 31 16
1 22 7
2 17 0
t 957 80
m 15 14
0 32 16
1 22 6
2 18 0
t 956 80
m 15 13
0 33 16
1 22 7
2 19 0
t 955 80
m 15 14
0 34 16
1 22 6
2 20 0
t 954 80
m 15 15
0 34 17
1 22 7
2 19 0
t 953 80
m 15 15
0 34 18
1 22 6
2 20 0
t 952 80
m 15 14
0 34 17
1 22 7
2 19 0
t 951 80
m 15 14
0 34 16
1 22 6
2 20 0
t 950 80
m 15 13
0 34 15
1 21 6
2 19 0
t 949 80
m 15 14
0 34 14
1 20 6
2 18 0
t 948 80
m 15 14
0 34 15
1 19 6
2 17 0
t 947 80
m 15 13
0 34 16
1 20 6
2 18 0
t 946 80
m 15 14
0 34 15
1 19 6
2 17 0
t 945 80
m 15 14
0 34 14
1 18 6
2 16 0
t 944 80
m 15 13
0 34 15
1 18 7
2 17 0
t 943 80
m 15 13
0 34 14
1 18 8
2 18 0
t 942 80
m 15 13
0 33 14
1 18 7
2 19 0
t 941 80
m 15 14
0 34 14
1 18 8
2 18 0
t 940 80
m 15 13
0 33 14
1 18 9
2 17 0
t 939 80
m 15 14
0 32 14
1 18 8
2 18 0
t 938 80
m 15 13
0 31 14
1 18 9
2 19 0
t 937 80
m 15 14
0 30 14
1 18 10
2 19 1
t 936 80
m 15 14
0 31 14
1 18 9
2 19 0
t 935 80
m 15 14
0 31 15
1 18 10
2 20 0
t 934 80
m 15 14
0 31 16
1 18 9
2 19 0
t 933 80
m 15 14
0 31 15
1 18 10
2 18 0
t 932 80
m 15 14
0 31 16
1 18 9
2 19 0
t 931 80
m 15 13
0 30 16
1 18 8
2 18 0
t 930 80
m 15 14
0 30 17
1 18 9
2 19 0
t 929 80
m 15 14
0 30 18
1 18 10
2 19 1
t 928 80
m 15 14
0 30 19
1 18 11
2 19 2
t 927 80
m 15 13
0 30 18
1 18 10
2 19 3
t 926 80
m 15 13
0 30 19
1 18 11
2 19 4
t 925 80
m 15 13
0 30 18
1 18 10
2 19 5
t 924 80
m 15 13
0 30 19
1 18 11
2 19 6
t 923 80
m 15 13
0 31 19
1 18 10
2 20 6
t 922 80
m 15 13
0 32 19
1 19 10
2 21 6
t 921 80
m 15 14
0 33 19
1 18 10
2 22 6
t 920 80
m 15 14
0 34 19
1 18 11
2 22 7
t 919 80
m 15 13
0 34 18
1 18 10
2 22 6
t 918 80
m 15 13
0 34 17
1 18 9
2 22 7
t 917 80
m 15 14
0 34 16
1 18 10
2 22 6
t 916 80
m 15 14
0 34 15
1 18 9
2 21 6
t 915 80
m 15 13
0 34 16
1 18 8
2 22 6
t 914 80
m 15 14
0 33 16
1 18 9
2 22 7
t 913 80
m 15 15
0 32 16
1 18 8
2 22 8
t 912 80
m 15 15
0 33 16
1 18 9
2 22 9
t 911 80
m 15 14
0 32 16
1 18 8
2 22 10
t 910 80
m 15 14
0 33 16
1 18 9
2 21 10
t 909 80
m 15 14
0 32 16
1 18 10
2 22 10
t 908 80
m 15 14
0 31 16
1 19 10
2 21 10
t 907 80
m 15 14
0 32 16
1 18 10
2 21 11
t 906 80
m 15 14
0 33 16
1 18 11
2 21 12
t 905 80
m 15 13
0 32 16
1 18 10
2 21 13
t 904 80
m 15 13
0 33 16
1 19 10
2 21 14
t 903 80
m 15 13
0 34 16
1 20 10
2 21 13
t 902 80
m 15 13
0 34 17
1 19 10
2 21 14
t 901 80
m 15 13
0 34 16
1 18 10
2 21 13
t 900 80
m 15 13
0 34 17
1 18 11
2 21 12
t 899 80
m 15 13
0 34 18
1 18 12
2 20 12
t 898 80
m 15 13
0 34 17
1 19 12
2 19 12
t 897 80
m 15 13
0 34 18
1 20 12
2 20 12
t 896 80
m 15 13
0 34 17
1 19 12
2 21 12
t 895 80
m 15 13
0 34 18
1 18 12
2 21 13
t 894 80
m 15 12
0 34 17
1 17 12
2 21 12
t 893 80
m 15 13
0 34 16
1 18 12
2 20 12
t 892 80
m 15 12
0 34 15
1 19 12
2 19 12
t 891 80
m 15 13
0 34 16
1 20 12
2 20 12
t 890 80
m 15 13
0 33 16
1 19 12
2 19 12
t 889 80
m 15 13
0 32 16
1 19 13
2 19 13
t 888 80
m 15 12
0 31 16
1 19 14
2 19 14
t 887 80
m 14 12
0 32 16
1 19 15
2 19 13
t 886 80
m 14 12
0 31 16
1 19 16
2 19 12
t 885 80
m 14 12
0 30 16
1 19 15
2 18 12
t 884 80
m 15 12
0 31 16
1 19 14
2 19 12
t 883 80
m 15 13
0 31 15
1 19 15
2 20 12
t 882 80
m 15 13
0 31 14
1 19 14
2 19 12
t 881 80
m 15 13
0 30 14
1 19 13
2 20 12
t 880 80
m 15 14
0 31 14
1 19 14
2 19 12
t 879 80
m 15 13
0 31 15
1 19 15
2 20 12
t 878 80
m 15 13
0 31 14
1 19 14
2 21 12
t 877 80
m 15 13
0 31 15
1 19 13
2 20 12
t 876 80
m 15 13
0 31 16
1 19 14
2 19 12
t 875 80
m 15 13
0 30 16
1 19 15
2 19 13
t 874 80
m 15 14
0 30 17
1 19 14
2 19 14
t 873 80
m 15 13
0 29 17
1 19 13
2 19 15
t 872 80
m 15 13
0 30 17
1 19 14
2 19 16
t 871 80
m 15 13
0 30 18
1 19 15
2 18 16
t 870 80
m 15 13
0 30 17
1 19 14
2 17 16
t 869 80
m 15 13
0 29 17
1 19 15
2 16 16
t 868 80
m 15 12
0 30 17
1 19 16
2 17 16
t 867 80
m 14 12
0 30 16
1 19 15
2 18 16
t 866 80
m 14 12
0 31 16
1 19 16
2 17 16
t 865 80
m 13 12
0 31 15
1 19 15
2 16 16
t 864 80
m 14 12
0 31 14
1 19 14
2 15 16
t 863 80
m 13 12
0 32 14
1 19 13
2 15 15
t 862 80
m 13 11
0 31 14
1 19 14
2 15 14
t 861 80
m 13 12
0 30 14
1 19 13
2 15 15
t 860 80
m 14 12
0 31 14
1 19 12
2 15 16
t 859 80
m 15 12
0 30 14
1 18 12
2 15 15
t 858 80
m 15 13
0 30 13
1 17 12
2 15 14
t 857 80
m 15 13
0 30 12
1 16 12
2 15 15
t 856 80
m 15 13
0 31 12
1 16 11
2 15 14
t 855 80
m 15 13
0 30 12
1 16 10
2 15 15
t 854 80
m 15 12
0 30 13
1 15 10
2 15 14
t 853 80
m 16 12
0 30 12
1 14 10
2 15 15
t 852 80
m 17 12
0 30 13
1 13 10
2 15 16
t 851 80
m 18 12
0 30 14
1 13 11
2 15 15
t 850 80
m 19 12
0 30 13
1 13 12
2 15 14
t 849 80
m 20 12
0 29 13
1 13 13
2 15 15
t 848 80
m 21 12
0 28 13
1 13 12
2 15 14
t 847 80
m 21 13
0 27 13
1 13 11
2 15 15
t 846 86
m 21 14
0 27 12
1 13 10
2 15 16
t 845 86
m 21 14
0 27 13
1 12 10
2 15 17
t 844 86
m 21 15
0 27 12
1 13 10
2 15 16
t 843 86
m 21 15
0 27 13
1 12 10
2 15 17
t 842 86
m 21 15
0 28 13
1 12 9
2 15 18
t 841 86
m 21 15
0 29 13
1 12 10
2 15 17
t 840 86
m 21 14
0 28 13
1 11 10
2 15 16
t 839 86
m 21 14
0 27 13
1 10 10
2 15 15
t 838 86
m 21 15
0 27 12
1 11 10
2 15 16
t 837 86
m 21 15
0 27 13
1 12 10
2 15 15
t 836 86
m 21 16
0 27 12
1 13 10
2 15 16
t 835 86
m 21 17
0 27 11
1 13 11
2 15 17
t 834 86
m 21 18
0 27 10
1 13 10
2 15 18
t 833 86
m 21 19
0 27 11
1 13 11
2 15 19
t 832 86
m 22 19
0 27 10
1 13 12
2 14 19
t 831 86
m 23 19
0 27 11
1 14 12
2 13 19
t 830 86
m 24 19
0 27 10
1 13 12
2 14 19
t 829 93
m 25 19
0 26 10
1 14 12
2 13 19
t 828 93
m 25 19
0 25 10
1 15 12
2 12 19
t 827 93
m 26 19
0 26 10
1 15 13
2 13 19
t 826 93
m 27 19
0 25 10
1 15 12
2 14 19
t 825 100
m 28 19
0 26 10
1 16 12
2 15 19
t 824 100
m 29 19
0 27 10
1 17 12
2 14 19
t 823 100
m 30 19
0 27 11
1 18 12
2 15 19
t 822 106
m 31 19
0 27 12
1 18 11
2 14 19
t 821 106
m 32 19
0 27 11
1 18 10
2 15 19
t 820 106
m 33 19
0 27 10
1 18 9
2 15 18
t 819 106
m 34 19
0 27 11
1 18 10
2 15 17
t 818 106
m 34 18
0 27 10
1 18 11
2 15 16
t 817 106
m 34 19
0 27 11
1 18 10
2 15 17
t 816 106
m 34 18
0 27 12
1 18 11
2 15 18
t 815 106
m 34 17
0 27 13
1 18 12
2 15 17
t 814 106
m 34 16
0 27 12
1 19 12
2 15 16
t 813 113
m 34 17
0 27 11
1 19 13
2 15 17
t 812 113
m 34 18
0 27 10
1 19 12
2 15 16
t 811 113
m 34 18
0 26 10
1 18 12
2 15 15
t 810 113
m 34 17
0 27 10
1 17 12
2 15 14
t 809 113
m 34 17
0 26 10
1 18 12
2 15 15
t 808 113
m 34 16
0 27 10
1 17 12
2 15 14
t 807 113
m 34 16
0 26 10
1 16 12
2 15 13
t 806 113
m 33 16
0 27 10
1 17 12
2 15 14
t 805 113
m 33 16
0 26 10
1 16 12
2 15 13
t 804 113
m 33 16
0 25 10
1 16 11
2 15 14
t 803 113
m 33 16
0 26 10
1 16 12
2 15 13
t 802 113
m 33 16
0 25 10
1 16 11
2 15 14
t 801 113
m 33 16
0 24 10
1 16 10
2 15 13
t 800 113
m 33 16
0 25 10
1 16 11
2 15 14
t 799 113
m 33 16
0 26 10
1 16 10
2 15 15
t 798 113
m 33 16
0 27 10
1 16 9
2 15 16
t 797 113
m 33 16
0 27 11
1 16 10
2 16 16
t 796 113
m 34 16
0 27 10
1 16 9
2 15 16
t 795 113
m 34 16
0 26 10
1 16 8
2 15 17
t 794 113
m 34 15
0 27 10
1 16 9
2 15 18
t 793 113
m 34 15
0 26 10
1 16 8
2 15 17
t 792 113
m 34 14
0 27 10
1 16 9
2 15 16
t 791 113
m 34 14
0 27 11
1 16 8
2 15 17
t 790 113
m 34 13
0 27 12
1 16 7
2 15 18
t 789 113
m 34 12
0 27 11
1 16 8
2 15 17
t 788 113
m 34 11
0 27 12
1 16 7
2 15 18
t 787 113
m 34 10
0 27 13
1 16 8
2 15 19
t 786 113
m 34 9
0 28 13
1 16 7
2 15 18
t 785 113
m 33 9
0 27 13
1 16 6
2 15 17
t 784 113
m 33 8
0 28 13
1 15 6
2 15 18
t 783 113
m 33 7
0 29 13
1 16 6
2 15 19
t 782 113
m 33 6
0 28 13
1 16 5
2 14 19
t 781 113
m 33 5
0 29 13
1 17 5
2 15 19
t 780 113
m 33 4
0 28 13
1 18 5
2 14 19
t 779 175
